[ -5.35015381e+02  -9.63714417e+02   3.80837588e+01   1.58956075e+02
   8.92096333e+02   3.60331716e+02  -7.06881126e+02   4.86715934e+02
   1.68538318e+03   1.39458591e-01  -3.77792336e+02   4.68723753e+02
   1.76014068e+02  -4.92063217e+02  -4.89012527e+02   2.72922175e+02
  -1.16545707e+03  -2.46444735e+02  -1.32853466e+03  -1.08969393e+03
  -5.69922577e+02   5.80710864e+03  -1.85442113e+03  -4.03892101e+02
   1.52232141e+03   1.62252577e+03  -2.21115830e+02  -2.03989545e+03
  -3.26411385e+02   1.23465236e+03   1.72615029e+03  -9.73020819e+02
   1.06252123e+03   8.25595018e+02   8.61404499e+01  -9.99719000e+02
  -1.40604686e+03  -2.09320369e+03  -1.01876451e+03  -4.29301789e+01
   1.54029625e+03  -1.54592503e+03  -1.00393680e+03  -1.77298962e+02
   1.04935227e+03  -7.16179632e+02   3.75604681e+02  -3.06944042e+02
   7.73842696e+02   7.31464536e+02   2.76104453e+03  -8.75645028e+02
  -4.46520243e+02  -5.56551339e+01  -2.85037029e+02  -1.06969239e+03
   1.06030008e+02   7.31114200e+02  -3.65380377e+02   4.31071722e+02
  -5.46620614e+02  -9.62618835e+02  -1.46432727e+03  -1.47045359e+02
  -1.55142550e+03  -1.32710071e+03  -1.33020413e+02   3.51312327e+03
  -2.91338355e+02  -1.10056882e+02  -5.68920405e+02   6.02968481e+02
   1.14740895e+03  -8.74964960e+02  -1.43308108e+03   3.72873029e+02
  -1.85410739e+03   8.41335150e+02   1.19706451e+03   1.62057770e+03
   4.03473580e+03   9.30209567e+02   2.60885161e+03  -8.89113926e+01
   4.52082575e+02   1.22721049e+03  -2.96457918e+02   2.22093070e+02
  -5.64452263e+01  -5.58589536e+02  -1.17004910e+03  -1.55276674e+03
  -2.83388361e+02  -5.01355014e+02   8.83189009e+02   2.85247025e+02
  -1.48971503e+03  -9.90349759e+02  -1.10334310e+03  -1.18407621e+03
  -2.68214294e+01]
[ -5.34998267e+02  -9.63708765e+02   3.80566566e+01   1.58971056e+02
   8.92085592e+02   3.60325627e+02  -7.06895288e+02   4.86701520e+02
   1.68541860e+03   1.31154881e-01  -3.77769393e+02   4.68719893e+02
   1.76011575e+02  -4.92044930e+02  -4.89012313e+02   2.72921187e+02
  -1.16543982e+03  -2.46444274e+02  -1.32851459e+03  -1.08966716e+03
  -5.69918868e+02   5.80705446e+03  -1.85441642e+03  -4.03916278e+02
   1.52230993e+03   1.62250670e+03  -2.21137511e+02  -2.03988359e+03
  -3.26393056e+02   1.23467841e+03   1.72616589e+03  -9.73010763e+02
   1.06249607e+03   8.25584989e+02   8.61187856e+01  -9.99756331e+02
  -1.40601705e+03  -2.09317310e+03  -1.01876546e+03  -4.29142944e+01
   1.54030802e+03  -1.54590215e+03  -1.00394799e+03  -1.77281719e+02
   1.04935996e+03  -7.16193856e+02   3.75592194e+02  -3.06944820e+02
   7.73851904e+02   7.31455632e+02   2.76107591e+03  -8.75623393e+02
  -4.46519845e+02  -5.56467801e+01  -2.85056864e+02  -1.06971741e+03
   1.06005680e+02   7.31088883e+02  -3.65396749e+02   4.31064451e+02
  -5.46653125e+02  -9.62611719e+02  -1.46432938e+03  -1.47042493e+02
  -1.55141628e+03  -1.32710357e+03  -1.33047204e+02   3.51308309e+03
  -2.91356287e+02  -1.10030471e+02  -5.68925578e+02   6.02978117e+02
   1.14743617e+03  -8.74957731e+02  -1.43309461e+03   3.72886753e+02
  -1.85410272e+03   8.41326261e+02   1.19706849e+03   1.62058588e+03
   4.03473625e+03   9.30247074e+02   2.60882446e+03  -8.89125209e+01
   4.52090875e+02   1.22718459e+03  -2.96441722e+02   2.22124151e+02
  -5.64264506e+01  -5.58611991e+02  -1.17000860e+03  -1.55276085e+03
  -2.83395673e+02  -5.01350252e+02   8.83190230e+02   2.85203550e+02
  -1.48972116e+03  -9.90333223e+02  -1.10332995e+03  -1.18407842e+03
  -2.68490509e+01]
[ -5.35031085e+02  -9.63722602e+02   3.80362197e+01   1.58955666e+02
   8.92088095e+02   3.60304055e+02  -7.06851399e+02   4.86718005e+02
   1.68542601e+03   1.39699847e-01  -3.77744790e+02   4.68743481e+02
   1.75976948e+02  -4.92044729e+02  -4.89014644e+02   2.72918189e+02
  -1.16547085e+03  -2.46440515e+02  -1.32849449e+03  -1.08970395e+03
  -5.69894515e+02   5.80711779e+03  -1.85445613e+03  -4.03932464e+02
   1.52232919e+03   1.62255199e+03  -2.21128984e+02  -2.03992425e+03
  -3.26403409e+02   1.23465793e+03   1.72615689e+03  -9.73034888e+02
   1.06255112e+03   8.25579283e+02   8.61013015e+01  -9.99768649e+02
  -1.40601274e+03  -2.09319212e+03  -1.01880730e+03  -4.29186475e+01
   1.54034392e+03  -1.54590812e+03  -1.00396235e+03  -1.77287303e+02
   1.04938599e+03  -7.16214066e+02   3.75589449e+02  -3.06951871e+02
   7.73899518e+02   7.31465046e+02   2.76109649e+03  -8.75606636e+02
  -4.46525739e+02  -5.56340846e+01  -2.85047822e+02  -1.06971773e+03
   1.05989708e+02   7.31090338e+02  -3.65417786e+02   4.31081246e+02
  -5.46690463e+02  -9.62641920e+02  -1.46434802e+03  -1.47053866e+02
  -1.55142772e+03  -1.32713381e+03  -1.33058877e+02   3.51314855e+03
  -2.91363228e+02  -1.10003367e+02  -5.68923409e+02   6.02990689e+02
   1.14747519e+03  -8.74946180e+02  -1.43309776e+03   3.72901410e+02
  -1.85411362e+03   8.41300866e+02   1.19706341e+03   1.62058333e+03
   4.03479541e+03   9.30267183e+02   2.60884717e+03  -8.88971385e+01
   4.52094034e+02   1.22719159e+03  -2.96450545e+02   2.22146177e+02
  -5.64051946e+01  -5.58630214e+02  -1.17000666e+03  -1.55278888e+03
  -2.83395359e+02  -5.01334807e+02   8.83191450e+02   2.85197290e+02
  -1.48972630e+03  -9.90341553e+02  -1.10335965e+03  -1.18411637e+03
  -2.68563122e+01]
[ -5.34969761e+02  -9.63659641e+02   3.79906216e+01   1.58966389e+02
   8.92051381e+02   3.60300998e+02  -7.06857492e+02   4.86658485e+02
   1.68537154e+03   9.92585744e-02  -3.77731348e+02   4.68699366e+02
   1.76038154e+02  -4.91995291e+02  -4.89005218e+02   2.72887989e+02
  -1.16535962e+03  -2.46384690e+02  -1.32849603e+03  -1.08962384e+03
  -5.69889196e+02   5.80686249e+03  -1.85440598e+03  -4.03926432e+02
   1.52223839e+03   1.62245906e+03  -2.21100967e+02  -2.03987565e+03
  -3.26390720e+02   1.23463835e+03   1.72608297e+03  -9.72933228e+02
   1.06246489e+03   8.25593084e+02   8.61201995e+01  -9.99733456e+02
  -1.40597876e+03  -2.09307657e+03  -1.01871695e+03  -4.29145439e+01
   1.54029224e+03  -1.54585407e+03  -1.00396668e+03  -1.77320435e+02
   1.04931780e+03  -7.16161099e+02   3.75597380e+02  -3.06932536e+02
   7.73826016e+02   7.31493223e+02   2.76103554e+03  -8.75602530e+02
  -4.46490198e+02  -5.55938045e+01  -2.85026818e+02  -1.06971007e+03
   1.05957152e+02   7.31096606e+02  -3.65432071e+02   4.31075811e+02
  -5.46661048e+02  -9.62595267e+02  -1.46424728e+03  -1.47013081e+02
  -1.55134261e+03  -1.32711211e+03  -1.33057509e+02   3.51289855e+03
  -2.91381588e+02  -1.09987487e+02  -5.68873959e+02   6.02947372e+02
   1.14743065e+03  -8.74893820e+02  -1.43304086e+03   3.72870062e+02
  -1.85403983e+03   8.41289001e+02   1.19702398e+03   1.62057742e+03
   4.03464420e+03   9.30215596e+02   2.60875147e+03  -8.89113844e+01
   4.52040891e+02   1.22719133e+03  -2.96391318e+02   2.22093313e+02
  -5.63696821e+01  -5.58643978e+02  -1.17000339e+03  -1.55274160e+03
  -2.83405608e+02  -5.01320178e+02   8.83203929e+02   2.85172072e+02
  -1.48975270e+03  -9.90321298e+02  -1.10334663e+03  -1.18407823e+03
  -2.68072051e+01]
[ -5.35005852e+02  -9.63648504e+02   3.80137927e+01   1.58931393e+02
   8.92032711e+02   3.60258970e+02  -7.06749852e+02   4.86715106e+02
   1.68531511e+03   9.00092474e-02  -3.77713389e+02   4.68746966e+02
   1.75951016e+02  -4.92004623e+02  -4.88994864e+02   2.72902030e+02
  -1.16536282e+03  -2.46392441e+02  -1.32842680e+03  -1.08968396e+03
  -5.69876573e+02   5.80685517e+03  -1.85439441e+03  -4.03877100e+02
   1.52221821e+03   1.62250056e+03  -2.21091955e+02  -2.03984436e+03
  -3.26396578e+02   1.23453657e+03   1.72599882e+03  -9.72963032e+02
   1.06256252e+03   8.25538900e+02   8.61140872e+01  -9.99678536e+02
  -1.40598095e+03  -2.09305609e+03  -1.01876702e+03  -4.29661443e+01
   1.54026156e+03  -1.54586681e+03  -1.00392777e+03  -1.77319112e+02
   1.04933922e+03  -7.16176217e+02   3.75544296e+02  -3.06946537e+02
   7.73860859e+02   7.31470706e+02   2.76092697e+03  -8.75606318e+02
  -4.46488331e+02  -5.56316822e+01  -2.84980623e+02  -1.06968421e+03
   1.05967891e+02   7.31076692e+02  -3.65405230e+02   4.31074510e+02
  -5.46648795e+02  -9.62617111e+02  -1.46424704e+03  -1.47041689e+02
  -1.55135600e+03  -1.32712473e+03  -1.33024991e+02   3.51296704e+03
  -2.91354444e+02  -1.09983317e+02  -5.68868917e+02   6.02906867e+02
   1.14741145e+03  -8.74858808e+02  -1.43301750e+03   3.72892622e+02
  -1.85400861e+03   8.41251212e+02   1.19699837e+03   1.62054607e+03
   4.03461012e+03   9.30215174e+02   2.60870788e+03  -8.88758803e+01
   4.52021416e+02   1.22718562e+03  -2.96422865e+02   2.22105557e+02
  -5.63850223e+01  -5.58599561e+02  -1.16998654e+03  -1.55270700e+03
  -2.83381766e+02  -5.01325909e+02   8.83160058e+02   2.85194571e+02
  -1.48969524e+03  -9.90307291e+02  -1.10333223e+03  -1.18403127e+03
  -2.67634627e+01]
[ -5.34965751e+02  -9.63683789e+02   3.80049405e+01   1.58986654e+02
   8.92038017e+02   3.60319604e+02  -7.06936145e+02   4.86676558e+02
   1.68541249e+03   1.62756513e-01  -3.77754311e+02   4.68683669e+02
   1.76054794e+02  -4.91984357e+02  -4.88997701e+02   2.72874660e+02
  -1.16541860e+03  -2.46457690e+02  -1.32851710e+03  -1.08964604e+03
  -5.69898800e+02   5.80697311e+03  -1.85443550e+03  -4.03902781e+02
   1.52231931e+03   1.62248327e+03  -2.21113805e+02  -2.03988770e+03
  -3.26390314e+02   1.23467745e+03   1.72613186e+03  -9.72964832e+02
   1.06249489e+03   8.25610120e+02   8.61176839e+01  -9.99758883e+02
  -1.40594947e+03  -2.09313094e+03  -1.01871194e+03  -4.29008870e+01
   1.54029896e+03  -1.54587190e+03  -1.00394006e+03  -1.77315141e+02
   1.04932306e+03  -7.16197009e+02   3.75604592e+02  -3.06922164e+02
   7.73818311e+02   7.31495911e+02   2.76105653e+03  -8.75583000e+02
  -4.46499715e+02  -5.56055702e+01  -2.85052673e+02  -1.06968111e+03
   1.05933190e+02   7.31065438e+02  -3.65435864e+02   4.31090194e+02
  -5.46666402e+02  -9.62607194e+02  -1.46431250e+03  -1.47035889e+02
  -1.55138643e+03  -1.32708968e+03  -1.33070572e+02   3.51300135e+03
  -2.91395219e+02  -1.09998199e+02  -5.68902922e+02   6.03008647e+02
   1.14745482e+03  -8.74894250e+02  -1.43307327e+03   3.72892784e+02
  -1.85405474e+03   8.41319670e+02   1.19704598e+03   1.62054327e+03
   4.03468364e+03   9.30233032e+02   2.60878721e+03  -8.89463684e+01
   4.52072890e+02   1.22716528e+03  -2.96405396e+02   2.22125378e+02
  -5.63834643e+01  -5.58648075e+02  -1.17000524e+03  -1.55278205e+03
  -2.83417639e+02  -5.01304197e+02   8.83207731e+02   2.85165027e+02
  -1.48971275e+03  -9.90326945e+02  -1.10336563e+03  -1.18413282e+03
  -2.68704549e+01]
[ -5.35023485e+02  -9.63705696e+02   3.80639592e+01   1.58915131e+02
   8.92065623e+02   3.60305550e+02  -7.06837023e+02   4.86725478e+02
   1.68541645e+03   1.28652734e-01  -3.77720168e+02   4.68758956e+02
   1.75938885e+02  -4.92060203e+02  -4.89013994e+02   2.72953714e+02
  -1.16546689e+03  -2.46449445e+02  -1.32845444e+03  -1.08970585e+03
  -5.69892650e+02   5.80703777e+03  -1.85441715e+03  -4.03927523e+02
   1.52231825e+03   1.62251821e+03  -2.21154019e+02  -2.03988154e+03
  -3.26362098e+02   1.23463617e+03   1.72618499e+03  -9.73051604e+02
   1.06255317e+03   8.25546193e+02   8.60828615e+01  -9.99787157e+02
  -1.40601481e+03  -2.09319962e+03  -1.01882813e+03  -4.28998176e+01
   1.54035503e+03  -1.54589432e+03  -1.00391396e+03  -1.77254407e+02
   1.04941864e+03  -7.16221454e+02   3.75574525e+02  -3.06952650e+02
   7.73911212e+02   7.31411775e+02   2.76107979e+03  -8.75613685e+02
  -4.46520278e+02  -5.56601760e+01  -2.85061758e+02  -1.06970441e+03
   1.05981553e+02   7.31063575e+02  -3.65381333e+02   4.31045683e+02
  -5.46699320e+02  -9.62632659e+02  -1.46435188e+03  -1.47058142e+02
  -1.55142569e+03  -1.32711027e+03  -1.33059708e+02   3.51316628e+03
  -2.91352591e+02  -1.10017355e+02  -5.68933010e+02   6.02952748e+02
   1.14745694e+03  -8.74963583e+02  -1.43310385e+03   3.72927913e+02
  -1.85410472e+03   8.41276311e+02   1.19706333e+03   1.62058449e+03
   4.03475386e+03   9.30295275e+02   2.60878961e+03  -8.88878920e+01
   4.52137780e+02   1.22713117e+03  -2.96470580e+02   2.22155678e+02
  -5.64314567e+01  -5.58599601e+02  -1.16998002e+03  -1.55275223e+03
  -2.83373567e+02  -5.01344861e+02   8.83178947e+02   2.85163623e+02
  -1.48966983e+03  -9.90314841e+02  -1.10332619e+03  -1.18406401e+03
  -2.68604189e+01]
[ -5.35027594e+02  -9.63654599e+02   3.80283862e+01   1.58970259e+02
   8.92035134e+02   3.60252069e+02  -7.06750797e+02   4.86745403e+02
   1.68531551e+03   1.26240388e-01  -3.77762602e+02   4.68743468e+02
   1.75967913e+02  -4.92003004e+02  -4.88985238e+02   2.72861301e+02
  -1.16534177e+03  -2.46427837e+02  -1.32847065e+03  -1.08970675e+03
  -5.69890445e+02   5.80694197e+03  -1.85444982e+03  -4.03805405e+02
   1.52223268e+03   1.62256861e+03  -2.21053738e+02  -2.03985968e+03
  -3.26445208e+02   1.23454102e+03   1.72592315e+03  -9.72971288e+02
   1.06262048e+03   8.25564084e+02   8.61618395e+01  -9.99629491e+02
  -1.40597395e+03  -2.09304855e+03  -1.01873200e+03  -4.29881614e+01
   1.54020047e+03  -1.54592276e+03  -1.00393329e+03  -1.77390855e+02
   1.04930645e+03  -7.16161316e+02   3.75542060e+02  -3.06938886e+02
   7.73808391e+02   7.31505596e+02   2.76083189e+03  -8.75623789e+02
  -4.46475459e+02  -5.56468632e+01  -2.84935452e+02  -1.06966433e+03
   1.05979969e+02   7.31112748e+02  -3.65397037e+02   4.31114924e+02
  -5.46609327e+02  -9.62631001e+02  -1.46424482e+03  -1.47085347e+02
  -1.55136661e+03  -1.32712574e+03  -1.32993546e+02   3.51303463e+03
  -2.91355395e+02  -1.09990327e+02  -5.68862642e+02   6.02926800e+02
   1.14737421e+03  -8.74813557e+02  -1.43299070e+03   3.72857456e+02
  -1.85400230e+03   8.41284363e+02   1.19696636e+03   1.62049306e+03
   4.03459669e+03   9.30150034e+02   2.60874167e+03  -8.88804643e+01
   4.51967598e+02   1.22726566e+03  -2.96436319e+02   2.22061022e+02
  -5.63538963e+01  -5.58602144e+02  -1.17003554e+03  -1.55274665e+03
  -2.83406248e+02  -5.01304594e+02   8.83145273e+02   2.85276888e+02
  -1.48968228e+03  -9.90331649e+02  -1.10335528e+03  -1.18405489e+03
  -2.67102401e+01]
[ -5.35025347e+02  -9.63666569e+02   3.80575534e+01   1.58957939e+02
   8.92044069e+02   3.60273124e+02  -7.06770329e+02   4.86747162e+02
   1.68532432e+03   1.27324375e-01  -3.77773319e+02   4.68755286e+02
   1.75963634e+02  -4.92013894e+02  -4.88989245e+02   2.72876035e+02
  -1.16536581e+03  -2.46433185e+02  -1.32848034e+03  -1.08971623e+03
  -5.69892710e+02   5.80700350e+03  -1.85443895e+03  -4.03794249e+02
   1.52224122e+03   1.62257196e+03  -2.21068886e+02  -2.03987018e+03
  -3.26422203e+02   1.23454161e+03   1.72595935e+03  -9.72980522e+02
   1.06261948e+03   8.25564032e+02   8.61569972e+01  -9.99638428e+02
  -1.40600893e+03  -2.09309723e+03  -1.01876010e+03  -4.29917648e+01
   1.54021706e+03  -1.54594364e+03  -1.00392885e+03  -1.77382693e+02
   1.04931250e+03  -7.16162058e+02   3.75546528e+02  -3.06949472e+02
   7.73809761e+02   7.31495714e+02   2.76085953e+03  -8.75645157e+02
  -4.46481842e+02  -5.56621176e+01  -2.84938303e+02  -1.06966830e+03
   1.06007089e+02   7.31107969e+02  -3.65373200e+02   4.31106990e+02
  -5.46611812e+02  -9.62630978e+02  -1.46426098e+03  -1.47070331e+02
  -1.55137576e+03  -1.32712136e+03  -1.32989550e+02   3.51307868e+03
  -2.91346644e+02  -1.10011934e+02  -5.68880038e+02   6.02918772e+02
   1.14736996e+03  -8.74847127e+02  -1.43301659e+03   3.72870804e+02
  -1.85402610e+03   8.41294034e+02   1.19699275e+03   1.62050809e+03
   4.03462581e+03   9.30160869e+02   2.60875291e+03  -8.88859903e+01
   4.51996793e+02   1.22725684e+03  -2.96443262e+02   2.22041150e+02
  -5.63796331e+01  -5.58579840e+02  -1.17004283e+03  -1.55274631e+03
  -2.83400754e+02  -5.01308417e+02   8.83155573e+02   2.85268162e+02
  -1.48967819e+03  -9.90338412e+02  -1.10334321e+03  -1.18403973e+03
  -2.67269793e+01]
[ -5.35036151e+02  -9.63734338e+02   3.80756617e+01   1.58929642e+02
   8.92077032e+02   3.60308818e+02  -7.06852858e+02   4.86733088e+02
   1.68543978e+03   1.51513056e-01  -3.77739548e+02   4.68769253e+02
   1.75933056e+02  -4.92071876e+02  -4.89017278e+02   2.72959085e+02
  -1.16550714e+03  -2.46459437e+02  -1.32846334e+03  -1.08972098e+03
  -5.69887711e+02   5.80715018e+03  -1.85444867e+03  -4.03948953e+02
   1.52234568e+03   1.62255139e+03  -2.21155328e+02  -2.03991759e+03
  -3.26378711e+02   1.23464108e+03   1.72620572e+03  -9.73069137e+02
   1.06256019e+03   8.25553772e+02   8.60809028e+01  -9.99808817e+02
  -1.40603542e+03  -2.09324380e+03  -1.01885183e+03  -4.29071791e+01
   1.54037276e+03  -1.54591538e+03  -1.00393345e+03  -1.77256622e+02
   1.04941518e+03  -7.16228643e+02   3.75589773e+02  -3.06959905e+02
   7.73941220e+02   7.31409580e+02   2.76110355e+03  -8.75616460e+02
  -4.46536877e+02  -5.56602432e+01  -2.85077554e+02  -1.06971956e+03
   1.06004094e+02   7.31078181e+02  -3.65385146e+02   4.31055120e+02
  -5.46711654e+02  -9.62636729e+02  -1.46437361e+03  -1.47052515e+02
  -1.55144544e+03  -1.32710569e+03  -1.33061516e+02   3.51322554e+03
  -2.91348268e+02  -1.10022573e+02  -5.68945615e+02   6.02976631e+02
   1.14748217e+03  -8.74984585e+02  -1.43311819e+03   3.72928699e+02
  -1.85413856e+03   8.41291050e+02   1.19707487e+03   1.62059412e+03
   4.03481886e+03   9.30298404e+02   2.60885032e+03  -8.88822894e+01
   4.52148472e+02   1.22714927e+03  -2.96485194e+02   2.22160905e+02
  -5.64386469e+01  -5.58601228e+02  -1.16999523e+03  -1.55277937e+03
  -2.83369038e+02  -5.01331913e+02   8.83188110e+02   2.85174228e+02
  -1.48968218e+03  -9.90327815e+02  -1.10333497e+03  -1.18408079e+03
  -2.68918559e+01]
[ -5.34990656e+02  -9.63614467e+02   3.80532192e+01   1.58949040e+02
   8.92000682e+02   3.60204088e+02  -7.06668070e+02   4.86694328e+02
   1.68523133e+03   1.02336109e-01  -3.77755180e+02   4.68743933e+02
   1.75982809e+02  -4.92022232e+02  -4.88971844e+02   2.72823089e+02
  -1.16527737e+03  -2.46377228e+02  -1.32846178e+03  -1.08966756e+03
  -5.69851066e+02   5.80670469e+03  -1.85440468e+03  -4.03748246e+02
   1.52213902e+03   1.62250774e+03  -2.21026185e+02  -2.03984171e+03
  -3.26384237e+02   1.23443034e+03   1.72587142e+03  -9.72895306e+02
   1.06261960e+03   8.25545455e+02   8.61887840e+01  -9.99593939e+02
  -1.40596430e+03  -2.09301425e+03  -1.01871021e+03  -4.29952038e+01
   1.54015717e+03  -1.54590333e+03  -1.00389363e+03  -1.77421887e+02
   1.04926234e+03  -7.16097862e+02   3.75572489e+02  -3.06941958e+02
   7.73750765e+02   7.31526166e+02   2.76072546e+03  -8.75662337e+02
  -4.46510630e+02  -5.55919474e+01  -2.84912914e+02  -1.06958281e+03
   1.06008904e+02   7.31137958e+02  -3.65306035e+02   4.31081826e+02
  -5.46656930e+02  -9.62612968e+02  -1.46415868e+03  -1.47032610e+02
  -1.55124569e+03  -1.32706254e+03  -1.33003215e+02   3.51288498e+03
  -2.91321557e+02  -1.09956654e+02  -5.68815944e+02   6.02870154e+02
   1.14731093e+03  -8.74782591e+02  -1.43288294e+03   3.72838146e+02
  -1.85393374e+03   8.41226383e+02   1.19693169e+03   1.62039554e+03
   4.03442424e+03   9.30088015e+02   2.60859915e+03  -8.88628288e+01
   4.51952401e+02   1.22723468e+03  -2.96411779e+02   2.21963649e+02
  -5.63610372e+01  -5.58533230e+02  -1.17002430e+03  -1.55267958e+03
  -2.83374095e+02  -5.01231557e+02   8.83133421e+02   2.85241423e+02
  -1.48961103e+03  -9.90355750e+02  -1.10332723e+03  -1.18400969e+03
  -2.66975573e+01]
[ -5.34952428e+02  -9.63584132e+02   3.79939943e+01   1.58891162e+02
   8.91959483e+02   3.60222945e+02  -7.06692785e+02   4.86628057e+02
   1.68526443e+03   1.49554067e-02  -3.77635119e+02   4.68753434e+02
   1.75957028e+02  -4.92005116e+02  -4.89009933e+02   2.72900199e+02
  -1.16524875e+03  -2.46322766e+02  -1.32839613e+03  -1.08962552e+03
  -5.69843215e+02   5.80652519e+03  -1.85430656e+03  -4.03888315e+02
   1.52211789e+03   1.62235277e+03  -2.21135216e+02  -2.03978241e+03
  -3.26301973e+02   1.23444143e+03   1.72604695e+03  -9.72886500e+02
   1.06249242e+03   8.25504036e+02   8.60779316e+01  -9.99707114e+02
  -1.40598874e+03  -2.09300554e+03  -1.01874852e+03  -4.29432916e+01
   1.54029072e+03  -1.54580808e+03  -1.00389174e+03  -1.77284221e+02
   1.04936785e+03  -7.16144919e+02   3.75552909e+02  -3.06950443e+02
   7.73844508e+02   7.31476620e+02   2.76094886e+03  -8.75626404e+02
  -4.46520718e+02  -5.55810058e+01  -2.84987721e+02  -1.06965565e+03
   1.05913487e+02   7.31059542e+02  -3.65339975e+02   4.31012986e+02
  -5.46724584e+02  -9.62584527e+02  -1.46416454e+03  -1.46976555e+02
  -1.55125516e+03  -1.32708870e+03  -1.33061239e+02   3.51276557e+03
  -2.91335884e+02  -1.09953464e+02  -5.68823960e+02   6.02806756e+02
   1.14740483e+03  -8.74840935e+02  -1.43295050e+03   3.72909041e+02
  -1.85394750e+03   8.41163865e+02   1.19700140e+03   1.62055174e+03
   4.03449319e+03   9.30232515e+02   2.60853566e+03  -8.88574919e+01
   4.52042656e+02   1.22709525e+03  -2.96372397e+02   2.22062666e+02
  -5.63781348e+01  -5.58548735e+02  -1.16993741e+03  -1.55262017e+03
  -2.83341292e+02  -5.01301778e+02   8.83165929e+02   2.85064832e+02
  -1.48966617e+03  -9.90280166e+02  -1.10328384e+03  -1.18395237e+03
  -2.67563664e+01]
[ -5.35066650e+02  -9.63674674e+02   3.81195496e+01   1.58940450e+02
   8.92040549e+02   3.60228082e+02  -7.06668928e+02   4.86771077e+02
   1.68525004e+03   1.60777394e-01  -3.77821422e+02   4.68797522e+02
   1.75943463e+02  -4.92059991e+02  -4.88963704e+02   2.72840489e+02
  -1.16536958e+03  -2.46458789e+02  -1.32849617e+03  -1.08975411e+03
  -5.69860831e+02   5.80702462e+03  -1.85449791e+03  -4.03687023e+02
   1.52223784e+03   1.62263804e+03  -2.21004330e+02  -2.03991146e+03
  -3.26431811e+02   1.23444723e+03   1.72585242e+03  -9.72979710e+02
   1.06274025e+03   8.25548087e+02   8.62219445e+01  -9.99552403e+02
  -1.40600296e+03  -2.09312531e+03  -1.01877012e+03  -4.30312745e+01
   1.54014413e+03  -1.54598641e+03  -1.00388824e+03  -1.77470427e+02
   1.04928007e+03  -7.16129769e+02   3.75561863e+02  -3.06940510e+02
   7.73763005e+02   7.31519693e+02   2.76071027e+03  -8.75692413e+02
  -4.46511789e+02  -5.56379574e+01  -2.84900759e+02  -1.06958275e+03
   1.06070687e+02   7.31156616e+02  -3.65304299e+02   4.31123106e+02
  -5.46597360e+02  -9.62655923e+02  -1.46425232e+03  -1.47092160e+02
  -1.55133623e+03  -1.32708371e+03  -1.32970220e+02   3.51314202e+03
  -2.91301320e+02  -1.09995076e+02  -5.68854667e+02   6.02916112e+02
   1.14729294e+03  -8.74806148e+02  -1.43293374e+03   3.72835726e+02
  -1.85400272e+03   8.41273438e+02   1.19694933e+03   1.62038658e+03
   4.03454468e+03   9.30060285e+02   2.60872871e+03  -8.88622213e+01
   4.51976576e+02   1.22732352e+03  -2.96468866e+02   2.21956107e+02
  -5.63564058e+01  -5.58516593e+02  -1.17010150e+03  -1.55274636e+03
  -2.83387275e+02  -5.01228152e+02   8.83139788e+02   2.85350008e+02
  -1.48959472e+03  -9.90404968e+02  -1.10337553e+03  -1.18406891e+03
  -2.66774442e+01]
[ -5.34941740e+02  -9.63485976e+02   3.80034875e+01   1.58959590e+02
   8.91911842e+02   3.60124984e+02  -7.06523644e+02   4.86679673e+02
   1.68505559e+03   5.44691569e-02  -3.77736138e+02   4.68726675e+02
   1.76001819e+02  -4.91939108e+02  -4.88938397e+02   2.72725011e+02
  -1.16506346e+03  -2.46324892e+02  -1.32841522e+03  -1.08961649e+03
  -5.69832754e+02   5.80626251e+03  -1.85432325e+03  -4.03627920e+02
   1.52194097e+03   1.62245142e+03  -2.20924497e+02  -2.03970636e+03
  -3.26407905e+02   1.23426101e+03   1.72555451e+03  -9.72744150e+02
   1.06263144e+03   8.25512705e+02   8.62446301e+01  -9.99408626e+02
  -1.40587790e+03  -2.09275762e+03  -1.01859392e+03  -4.30631230e+01
   1.53997085e+03  -1.54584975e+03  -1.00387488e+03  -1.77550262e+02
   1.04916198e+03  -7.16011268e+02   3.75511820e+02  -3.06916382e+02
   7.73619004e+02   7.31577956e+02   2.76039863e+03  -8.75660950e+02
  -4.46428007e+02  -5.55676915e+01  -2.84747286e+02  -1.06951179e+03
   1.05952326e+02   7.31134352e+02  -3.65287886e+02   4.31091417e+02
  -5.46589816e+02  -9.62564420e+02  -1.46396699e+03  -1.47017221e+02
  -1.55108073e+03  -1.32705213e+03  -1.32929729e+02   3.51256579e+03
  -2.91333508e+02  -1.09896920e+02  -5.68692331e+02   6.02754216e+02
   1.14719189e+03  -8.74592107e+02  -1.43272490e+03   3.72773722e+02
  -1.85375343e+03   8.41160522e+02   1.19680322e+03   1.62027677e+03
   4.03409649e+03   9.29936096e+02   2.60837960e+03  -8.88511118e+01
   4.51788161e+02   1.22727868e+03  -2.96356091e+02   2.21845350e+02
  -5.62666324e+01  -5.58517372e+02  -1.17002400e+03  -1.55258792e+03
  -2.83380054e+02  -5.01174307e+02   8.83068824e+02   2.85273125e+02
  -1.48957335e+03  -9.90328562e+02  -1.10328799e+03  -1.18391048e+03
  -2.65057031e+01]
[ -5.35028439e+02  -9.63601456e+02   3.80723204e+01   1.58959794e+02
   8.92010315e+02   3.60180065e+02  -7.06589442e+02   4.86747278e+02
   1.68518108e+03   1.13741031e-01  -3.77799623e+02   4.68770063e+02
   1.75970241e+02  -4.92021449e+02  -4.88945553e+02   2.72773079e+02
  -1.16523971e+03  -2.46385815e+02  -1.32848562e+03  -1.08969471e+03
  -5.69857515e+02   5.80673234e+03  -1.85445045e+03  -4.03660641e+02
   1.52211079e+03   1.62259772e+03  -2.20942652e+02  -2.03984979e+03
  -3.26432934e+02   1.23438049e+03   1.72571640e+03  -9.72878116e+02
   1.06270952e+03   8.25541767e+02   8.62445096e+01  -9.99491789e+02
  -1.40595438e+03  -2.09296164e+03  -1.01869544e+03  -4.30436070e+01
   1.54006092e+03  -1.54595975e+03  -1.00390278e+03  -1.77524320e+02
   1.04922337e+03  -7.16055828e+02   3.75555190e+02  -3.06928048e+02
   7.73699032e+02   7.31552892e+02   2.76055521e+03  -8.75696954e+02
  -4.46493888e+02  -5.56074096e+01  -2.84820637e+02  -1.06954968e+03
   1.06041605e+02   7.31173545e+02  -3.65289666e+02   4.31120692e+02
  -5.46600499e+02  -9.62630127e+02  -1.46411871e+03  -1.47066908e+02
  -1.55121459e+03  -1.32707445e+03  -1.32936731e+02   3.51291351e+03
  -2.91319159e+02  -1.09944417e+02  -5.68785288e+02   6.02846063e+02
   1.14723800e+03  -8.74715210e+02  -1.43284354e+03   3.72795015e+02
  -1.85391294e+03   8.41234780e+02   1.19686824e+03   1.62032831e+03
   4.03434712e+03   9.29987520e+02   2.60860673e+03  -8.88438014e+01
   4.51872722e+02   1.22734511e+03  -2.96433685e+02   2.21889182e+02
  -5.63147450e+01  -5.58514883e+02  -1.17009389e+03  -1.55270034e+03
  -2.83398858e+02  -5.01191254e+02   8.83096590e+02   2.85355075e+02
  -1.48958863e+03  -9.90394306e+02  -1.10335741e+03  -1.18400902e+03
  -2.65785875e+01]
[ -5.35133612e+02  -9.63806491e+02   3.82062000e+01   1.59037949e+02
   8.92152219e+02   3.60281525e+02  -7.06773822e+02   4.86844185e+02
   1.68536316e+03   2.91108524e-01  -3.77987502e+02   4.68814542e+02
   1.75991825e+02  -4.92113641e+02  -4.88971579e+02   2.72797955e+02
  -1.16555113e+03  -2.46563807e+02  -1.32870714e+03  -1.08988547e+03
  -5.69912485e+02   5.80777915e+03  -1.85475995e+03  -4.03600797e+02
   1.52241151e+03   1.62292375e+03  -2.20943092e+02  -2.04015421e+03
  -3.26522719e+02   1.23455261e+03   1.72585910e+03  -9.73071359e+02
   1.06292023e+03   8.25685114e+02   8.63204357e+01  -9.99539780e+02
  -1.40611373e+03  -2.09337911e+03  -1.01881634e+03  -4.30745468e+01
   1.54013829e+03  -1.54620225e+03  -1.00396072e+03  -1.77615382e+02
   1.04925763e+03  -7.16157312e+02   3.75622856e+02  -3.06969762e+02
   7.73737357e+02   7.31613040e+02   2.76077661e+03  -8.75779303e+02
  -4.46537004e+02  -5.56514122e+01  -2.84867033e+02  -1.06961304e+03
   1.06199201e+02   7.31291492e+02  -3.65295026e+02   4.31218332e+02
  -5.46565704e+02  -9.62743167e+02  -1.46438568e+03  -1.47141174e+02
  -1.55145873e+03  -1.32713823e+03  -1.32927511e+02   3.51358516e+03
  -2.91314253e+02  -1.10042966e+02  -5.68915085e+02   6.03073224e+02
   1.14731545e+03  -8.74865463e+02  -1.43299783e+03   3.72797089e+02
  -1.85418588e+03   8.41433105e+02   1.19702935e+03   1.62037583e+03
   4.03487021e+03   9.29984143e+02   2.60906583e+03  -8.89129730e+01
   4.51970607e+02   1.22754962e+03  -2.96530556e+02   2.21857193e+02
  -5.63587482e+01  -5.58553445e+02  -1.17029730e+03  -1.55294681e+03
  -2.83442746e+02  -5.01177304e+02   8.83212671e+02   2.85534669e+02
  -1.48968321e+03  -9.90567325e+02  -1.10348849e+03  -1.18423742e+03
  -2.67175873e+01]
[ -5.34991726e+02  -9.63669971e+02   3.80286636e+01   1.58897077e+02
   8.92050335e+02   3.60301733e+02  -7.06830067e+02   4.86704927e+02
   1.68537772e+03   8.67284911e-02  -3.77689337e+02   4.68743290e+02
   1.75950433e+02  -4.92030550e+02  -4.89006166e+02   2.72946058e+02
  -1.16541280e+03  -2.46423161e+02  -1.32843354e+03  -1.08966306e+03
  -5.69885880e+02   5.80686969e+03  -1.85435629e+03  -4.03925159e+02
   1.52226678e+03   1.62244718e+03  -2.21156926e+02  -2.03983179e+03
  -3.26339542e+02   1.23462603e+03   1.72615489e+03  -9.73008595e+02
   1.06250195e+03   8.25529266e+02   8.60702405e+01  -9.99761982e+02
  -1.40598831e+03  -2.09312526e+03  -1.01880318e+03  -4.29004948e+01
   1.54033237e+03  -1.54584460e+03  -1.00391135e+03  -1.77246222e+02
   1.04940381e+03  -7.16203575e+02   3.75560183e+02  -3.06947803e+02
   7.73879242e+02   7.31418808e+02   2.76106438e+03  -8.75596527e+02
  -4.46495785e+02  -5.56503825e+01  -2.85048397e+02  -1.06971225e+03
   1.05957234e+02   7.31036007e+02  -3.65391285e+02   4.31039410e+02
  -5.46677952e+02  -9.62610104e+02  -1.46430816e+03  -1.47033967e+02
  -1.55137736e+03  -1.32710729e+03  -1.33062819e+02   3.51302512e+03
  -2.91357491e+02  -1.10011354e+02  -5.68917725e+02   6.02921654e+02
   1.14743508e+03  -8.74946136e+02  -1.43308968e+03   3.72928122e+02
  -1.85405987e+03   8.41260654e+02   1.19705434e+03   1.62059512e+03
   4.03466251e+03   9.30297577e+02   2.60870677e+03  -8.88967900e+01
   4.52118332e+02   1.22710183e+03  -2.96434471e+02   2.22144845e+02
  -5.64229796e+01  -5.58592083e+02  -1.16994623e+03  -1.55269738e+03
  -2.83376171e+02  -5.01362158e+02   8.83183071e+02   2.85131222e+02
  -1.48968174e+03  -9.90285748e+02  -1.10330243e+03  -1.18402986e+03
  -2.68367844e+01]
[ -5.34976110e+02  -9.63620415e+02   3.79831711e+01   1.58927044e+02
   8.92012203e+02   3.60259728e+02  -7.06774766e+02   4.86704166e+02
   1.68529964e+03   8.04814368e-02  -3.77702635e+02   4.68723890e+02
   1.75979946e+02  -4.91976182e+02  -4.88988416e+02   2.72883462e+02
  -1.16531195e+03  -2.46407566e+02  -1.32842438e+03  -1.08965344e+03
  -5.69880806e+02   5.80673449e+03  -1.85436095e+03  -4.03852449e+02
   1.52219407e+03   1.62245705e+03  -2.21094767e+02  -2.03979158e+03
  -3.26388342e+02   1.23456345e+03   1.72596598e+03  -9.72935525e+02
   1.06253723e+03   8.25537483e+02   8.61158721e+01  -9.99655471e+02
  -1.40593509e+03  -2.09300198e+03  -1.01872704e+03  -4.29544097e+01
   1.54022546e+03  -1.54582754e+03  -1.00391226e+03  -1.77331807e+02
   1.04933239e+03  -7.16173487e+02   3.75526694e+02  -3.06926874e+02
   7.73804041e+02   7.31482957e+02   2.76090471e+03  -8.75582764e+02
  -4.46450928e+02  -5.56269071e+01  -2.84972891e+02  -1.06968026e+03
   1.05924542e+02   7.31050659e+02  -3.65419299e+02   4.31072883e+02
  -5.46621345e+02  -9.62595387e+02  -1.46422744e+03  -1.47048641e+02
  -1.55133747e+03  -1.32712458e+03  -1.33028580e+02   3.51288481e+03
  -2.91370090e+02  -1.09976910e+02  -5.68864541e+02   6.02909618e+02
   1.14738288e+03  -8.74825106e+02  -1.43300178e+03   3.72888401e+02
  -1.85396316e+03   8.41247551e+02   1.19698788e+03   1.62053454e+03
   4.03454046e+03   9.30211598e+02   2.60864054e+03  -8.88994127e+01
   4.52004558e+02   1.22716278e+03  -2.96398771e+02   2.22093133e+02
  -5.63584599e+01  -5.58607501e+02  -1.16996346e+03  -1.55267591e+03
  -2.83393530e+02  -5.01333017e+02   8.83158523e+02   2.85172277e+02
  -1.48969170e+03  -9.90282894e+02  -1.10331803e+03  -1.18402640e+03
  -2.67431258e+01]
[ -5.35036883e+02  -9.63740666e+02   3.80816479e+01   1.58913581e+02
   8.92087878e+02   3.60316151e+02  -7.06858952e+02   4.86732322e+02
   1.68544634e+03   1.45825602e-01  -3.77728740e+02   4.68769834e+02
   1.75925012e+02  -4.92086275e+02  -4.89018297e+02   2.72971037e+02
  -1.16552536e+03  -2.46462847e+02  -1.32845847e+03  -1.08971794e+03
  -5.69887320e+02   5.80713867e+03  -1.85443094e+03  -4.03957092e+02
   1.52235298e+03   1.62253913e+03  -2.21171769e+02  -2.03991414e+03
  -3.26356798e+02   1.23465781e+03   1.72624602e+03  -9.73081826e+02
   1.06255151e+03   8.25546286e+02   8.60697207e+01  -9.99826765e+02
  -1.40603709e+03  -2.09326343e+03  -1.01886582e+03  -4.28866168e+01
   1.54039001e+03  -1.54590577e+03  -1.00392066e+03  -1.77233325e+02
   1.04943256e+03  -7.16233856e+02   3.75593813e+02  -3.06961326e+02
   7.73944419e+02   7.31392160e+02   2.76113543e+03  -8.75616115e+02
  -4.46545935e+02  -5.56634658e+01  -2.85095387e+02  -1.06971701e+03
   1.06012291e+02   7.31070857e+02  -3.65374113e+02   4.31041157e+02
  -5.46721331e+02  -9.62639348e+02  -1.46438707e+03  -1.47050801e+02
  -1.55144591e+03  -1.32710120e+03  -1.33072157e+02   3.51323854e+03
  -2.91343892e+02  -1.10027599e+02  -5.68960624e+02   6.02973903e+02
   1.14747858e+03  -8.75009561e+02  -1.43313039e+03   3.72939795e+02
  -1.85414790e+03   8.41285998e+02   1.19708860e+03   1.62059989e+03
   4.03482066e+03   9.30319837e+02   2.60884000e+03  -8.88830823e+01
   4.52180113e+02   1.22712164e+03  -2.96490570e+02   2.22170559e+02
  -5.64548258e+01  -5.58597028e+02  -1.16997974e+03  -1.55277060e+03
  -2.83361762e+02  -5.01339815e+02   8.83189501e+02   2.85162037e+02
  -1.48966809e+03  -9.90324842e+02  -1.10332581e+03  -1.18408175e+03
  -2.69118523e+01]
[ -5.34987622e+02  -9.63561165e+02   3.79839265e+01   1.58985146e+02
   8.91977561e+02   3.60196667e+02  -7.06668994e+02   4.86727695e+02
   1.68515303e+03   9.67673946e-02  -3.77776764e+02   4.68716649e+02
   1.76018704e+02  -4.91932979e+02  -4.88949521e+02   2.72768472e+02
  -1.16517684e+03  -2.46414077e+02  -1.32847007e+03  -1.08967921e+03
  -5.69887698e+02   5.80666457e+03  -1.85439896e+03  -4.03649323e+02
   1.52211949e+03   1.62253273e+03  -2.20961546e+02  -2.03976493e+03
  -3.26476210e+02   1.23443688e+03   1.72566223e+03  -9.72851826e+02
   1.06266439e+03   8.25554419e+02   8.62544153e+01  -9.99421926e+02
  -1.40589887e+03  -2.09288141e+03  -1.01861397e+03  -4.30694316e+01
   1.54001978e+03  -1.54588763e+03  -1.00389228e+03  -1.77498045e+02
   1.04921276e+03  -7.16107861e+02   3.75494293e+02  -3.06901666e+02
   7.73648601e+02   7.31604177e+02   2.76058841e+03  -8.75617375e+02
  -4.46410538e+02  -5.56242384e+01  -2.84798984e+02  -1.06957057e+03
   1.05940912e+02   7.31108887e+02  -3.65392151e+02   4.31145708e+02
  -5.46505117e+02  -9.62612944e+02  -1.46413379e+03  -1.47098750e+02
  -1.55127828e+03  -1.32713503e+03  -1.32936987e+02   3.51279880e+03
  -2.91354440e+02  -1.09962100e+02  -5.68784565e+02   6.02869207e+02
   1.14724971e+03  -8.74643193e+02  -1.43286477e+03   3.72800978e+02
  -1.85383042e+03   8.41257261e+02   1.19688623e+03   1.62037856e+03
   4.03435003e+03   9.30013213e+02   2.60857015e+03  -8.89110336e+01
   4.51826232e+02   1.22731934e+03  -2.96379230e+02   2.21954781e+02
  -5.62848447e+01  -5.58576292e+02  -1.17005467e+03  -1.55266833e+03
  -2.83428243e+02  -5.01284663e+02   8.83111748e+02   2.85332084e+02
  -1.48967171e+03  -9.90337563e+02  -1.10335577e+03  -1.18404032e+03
  -2.65555729e+01]
[ -5.35034236e+02  -9.63673068e+02   3.80712040e+01   1.58932220e+02
   8.92041203e+02   3.60256183e+02  -7.06753366e+02   4.86739370e+02
   1.68533973e+03   1.30211054e-01  -3.77743472e+02   4.68773700e+02
   1.75916714e+02  -4.92043887e+02  -4.88995493e+02   2.72909344e+02
  -1.16538834e+03  -2.46431256e+02  -1.32844081e+03  -1.08971653e+03
  -5.69875770e+02   5.80697277e+03  -1.85444504e+03  -4.03838076e+02
   1.52225716e+03   1.62255847e+03  -2.21095088e+02  -2.03987568e+03
  -3.26394977e+02   1.23453851e+03   1.72601883e+03  -9.73011902e+02
   1.06261800e+03   8.25534691e+02   8.61290336e+01  -9.99699012e+02
  -1.40600577e+03  -2.09312778e+03  -1.01879810e+03  -4.29494121e+01
   1.54026508e+03  -1.54592432e+03  -1.00390718e+03  -1.77340391e+02
   1.04934824e+03  -7.16178518e+02   3.75557810e+02  -3.06945482e+02
   7.73855821e+02   7.31445514e+02   2.76089663e+03  -8.75637188e+02
  -4.46506658e+02  -5.56539224e+01  -2.84978302e+02  -1.06966795e+03
   1.06005606e+02   7.31097961e+02  -3.65361830e+02   4.31077540e+02
  -5.46659339e+02  -9.62632719e+02  -1.46428332e+03  -1.47077047e+02
  -1.55137926e+03  -1.32710549e+03  -1.33020545e+02   3.51311634e+03
  -2.91333987e+02  -1.09996544e+02  -5.68889015e+02   6.02907466e+02
   1.14738796e+03  -8.74876146e+02  -1.43302130e+03   3.72885761e+02
  -1.85404355e+03   8.41259625e+02   1.19698745e+03   1.62051289e+03
   4.03464532e+03   9.30201684e+02   2.60874792e+03  -8.88636545e+01
   4.52055018e+02   1.22720897e+03  -2.96467273e+02   2.22077109e+02
  -5.63857483e+01  -5.58577632e+02  -1.17001190e+03  -1.55274055e+03
  -2.83376831e+02  -5.01298854e+02   8.83156339e+02   2.85240082e+02
  -1.48963735e+03  -9.90327026e+02  -1.10333146e+03  -1.18403183e+03
  -2.67689624e+01]
[ -5.34987844e+02  -9.63549752e+02   3.79860442e+01   1.59028052e+02
   8.91978397e+02   3.60188338e+02  -7.06652427e+02   4.86732659e+02
   1.68511357e+03   1.16428871e-01  -3.77825866e+02   4.68692197e+02
   1.76043989e+02  -4.91904533e+02  -4.88928609e+02   2.72721226e+02
  -1.16512832e+03  -2.46404402e+02  -1.32849298e+03  -1.08967010e+03
  -5.69883075e+02   5.80665327e+03  -1.85443326e+03  -4.03574646e+02
   1.52207702e+03   1.62257541e+03  -2.20899777e+02  -2.03977683e+03
  -3.26508452e+02   1.23440341e+03   1.72552701e+03  -9.72801780e+02
   1.06267970e+03   8.25583160e+02   8.62953811e+01  -9.99357737e+02
  -1.40588782e+03  -2.09281896e+03  -1.01855118e+03  -4.30976780e+01
   1.53992658e+03  -1.54591598e+03  -1.00390905e+03  -1.77589317e+02
   1.04911693e+03  -7.16054662e+02   3.75503834e+02  -3.06895390e+02
   7.73578435e+02   7.31644996e+02   2.76044425e+03  -8.75633882e+02
  -4.46392048e+02  -5.56163182e+01  -2.84745049e+02  -1.06955276e+03
   1.05980632e+02   7.31151567e+02  -3.65401936e+02   4.31189567e+02
  -5.46451647e+02  -9.62611123e+02  -1.46406741e+03  -1.47109449e+02
  -1.55123675e+03  -1.32711904e+03  -1.32903431e+02   3.51273850e+03
  -2.91358107e+02  -1.09957168e+02  -5.68750554e+02   6.02873286e+02
   1.14719886e+03  -8.74590218e+02  -1.43280585e+03   3.72749185e+02
  -1.85379165e+03   8.41291511e+02   1.19682619e+03   1.62031694e+03
   4.03425203e+03   9.29916541e+02   2.60857876e+03  -8.89108872e+01
   4.51743496e+02   1.22740997e+03  -2.96357821e+02   2.21877933e+02
  -5.62531996e+01  -5.58578378e+02  -1.17010186e+03  -1.55269057e+03
  -2.83457689e+02  -5.01233503e+02   8.83099274e+02   2.85417341e+02
  -1.48966626e+03  -9.90357808e+02  -1.10337800e+03  -1.18403156e+03
  -2.65007234e+01]
[ -5.35003287e+02  -9.63645078e+02   3.80331119e+01   1.58909401e+02
   8.92028832e+02   3.60260559e+02  -7.06761323e+02   4.86720142e+02
   1.68530080e+03   9.86706138e-02  -3.77716002e+02   4.68752159e+02
   1.75949562e+02  -4.92014634e+02  -4.88988216e+02   2.72901454e+02
  -1.16536461e+03  -2.46421523e+02  -1.32842715e+03  -1.08968910e+03
  -5.69877348e+02   5.80683017e+03  -1.85437103e+03  -4.03841455e+02
   1.52222465e+03   1.62249673e+03  -2.21097862e+02  -2.03981420e+03
  -3.26382038e+02   1.23454992e+03   1.72600121e+03  -9.72977452e+02
   1.06257958e+03   8.25524931e+02   8.61265339e+01  -9.99657811e+02
  -1.40596895e+03  -2.09307104e+03  -1.01877221e+03  -4.29615920e+01
   1.54024412e+03  -1.54586177e+03  -1.00389169e+03  -1.77314698e+02
   1.04934969e+03  -7.16184902e+02   3.75537867e+02  -3.06936099e+02
   7.73826387e+02   7.31464765e+02   2.76090870e+03  -8.75601571e+02
  -4.46478834e+02  -5.56474041e+01  -2.84975143e+02  -1.06965767e+03
   1.05968209e+02   7.31064485e+02  -3.65380384e+02   4.31059941e+02
  -5.46633705e+02  -9.62613743e+02  -1.46426908e+03  -1.47055673e+02
  -1.55136398e+03  -1.32711731e+03  -1.33025180e+02   3.51299211e+03
  -2.91346428e+02  -1.09996179e+02  -5.68883001e+02   6.02901899e+02
   1.14737959e+03  -8.74856192e+02  -1.43301363e+03   3.72900988e+02
  -1.85398823e+03   8.41243315e+02   1.19700510e+03   1.62051948e+03
   4.03457839e+03   9.30216094e+02   2.60867170e+03  -8.88901498e+01
   4.52039568e+02   1.22716289e+03  -2.96434647e+02   2.22091218e+02
  -5.63938889e+01  -5.58582031e+02  -1.16997394e+03  -1.55267713e+03
  -2.83375145e+02  -5.01331382e+02   8.83150548e+02   2.85194178e+02
  -1.48966151e+03  -9.90301647e+02  -1.10331522e+03  -1.18403578e+03
  -2.67644718e+01]
[ -5.35008708e+02  -9.63670363e+02   3.80406638e+01   1.58903720e+02
   8.92024084e+02   3.60280634e+02  -7.06796046e+02   4.86724669e+02
   1.68534072e+03   1.12272850e-01  -3.77710041e+02   4.68761130e+02
   1.75929471e+02  -4.92025581e+02  -4.88994250e+02   2.72927084e+02
  -1.16540948e+03  -2.46433460e+02  -1.32840896e+03  -1.08969685e+03
  -5.69861987e+02   5.80690570e+03  -1.85439087e+03  -4.03891415e+02
   1.52224925e+03   1.62249530e+03  -2.21129840e+02  -2.03984173e+03
  -3.26371823e+02   1.23455838e+03   1.72606669e+03  -9.72997856e+02
   1.06255834e+03   8.25524367e+02   8.60872040e+01  -9.99719846e+02
  -1.40599113e+03  -2.09311618e+03  -1.01880615e+03  -4.29401148e+01
   1.54029541e+03  -1.54585710e+03  -1.00389947e+03  -1.77292434e+02
   1.04936592e+03  -7.16201027e+02   3.75555186e+02  -3.06945527e+02
   7.73876155e+02   7.31432666e+02   2.76096497e+03  -8.75604372e+02
  -4.46494103e+02  -5.56531086e+01  -2.85028986e+02  -1.06969451e+03
   1.05981442e+02   7.31057494e+02  -3.65385056e+02   4.31057597e+02
  -5.46657893e+02  -9.62612062e+02  -1.46428785e+03  -1.47045903e+02
  -1.55138035e+03  -1.32710068e+03  -1.33044323e+02   3.51304178e+03
  -2.91345480e+02  -1.10004306e+02  -5.68902708e+02   6.02917348e+02
   1.14741599e+03  -8.74903207e+02  -1.43304435e+03   3.72925919e+02
  -1.85403535e+03   8.41254738e+02   1.19702543e+03   1.62055897e+03
   4.03463757e+03   9.30253458e+02   2.60871958e+03  -8.88808220e+01
   4.52085728e+02   1.22713817e+03  -2.96444551e+02   2.22111606e+02
  -5.64074202e+01  -5.58584001e+02  -1.16996555e+03  -1.55270000e+03
  -2.83366036e+02  -5.01314429e+02   8.83173491e+02   2.85169714e+02
  -1.48965706e+03  -9.90289099e+02  -1.10331143e+03  -1.18402523e+03
  -2.68244936e+01]
[ -5.35016010e+02  -9.63691952e+02   3.80517492e+01   1.58924158e+02
   8.92045196e+02   3.60287932e+02  -7.06819381e+02   4.86735077e+02
   1.68536139e+03   1.30681596e-01  -3.77731626e+02   4.68756258e+02
   1.75938864e+02  -4.92031914e+02  -4.88990622e+02   2.72921320e+02
  -1.16543707e+03  -2.46443261e+02  -1.32843333e+03  -1.08970470e+03
  -5.69868183e+02   5.80699460e+03  -1.85441172e+03  -4.03883241e+02
   1.52227557e+03   1.62252659e+03  -2.21125862e+02  -2.03987160e+03
  -3.26384666e+02   1.23458146e+03   1.72607907e+03  -9.73011374e+02
   1.06256927e+03   8.25542072e+02   8.60963534e+01  -9.99726445e+02
  -1.40599843e+03  -2.09314377e+03  -1.01880979e+03  -4.29434093e+01
   1.54029676e+03  -1.54588585e+03  -1.00391228e+03  -1.77296770e+02
   1.04935479e+03  -7.16201250e+02   3.75566935e+02  -3.06949888e+02
   7.73875767e+02   7.31442298e+02   2.76097646e+03  -8.75608495e+02
  -4.46506820e+02  -5.56584110e+01  -2.85027906e+02  -1.06969384e+03
   1.06002714e+02   7.31068926e+02  -3.65385453e+02   4.31072122e+02
  -5.46659388e+02  -9.62623604e+02  -1.46430908e+03  -1.47049659e+02
  -1.55139828e+03  -1.32710358e+03  -1.33042797e+02   3.51308852e+03
  -2.91347381e+02  -1.10009704e+02  -5.68919510e+02   6.02942912e+02
   1.14742335e+03  -8.74913621e+02  -1.43305983e+03   3.72917404e+02
  -1.85405447e+03   8.41278558e+02   1.19703300e+03   1.62055253e+03
   4.03467580e+03   9.30249232e+02   2.60875994e+03  -8.88862714e+01
   4.52086153e+02   1.22716070e+03  -2.96454308e+02   2.22112675e+02
  -5.64175751e+01  -5.58589172e+02  -1.16997743e+03  -1.55272822e+03
  -2.83375333e+02  -5.01312727e+02   8.83177561e+02   2.85194180e+02
  -1.48966390e+03  -9.90307345e+02  -1.10332122e+03  -1.18405240e+03
  -2.68406725e+01]
[ -5.35006455e+02  -9.63667013e+02   3.80371922e+01   1.58904196e+02
   8.92025678e+02   3.60281764e+02  -7.06794823e+02   4.86726465e+02
   1.68533508e+03   1.07539361e-01  -3.77710706e+02   4.68757305e+02
   1.75934436e+02  -4.92021208e+02  -4.88990287e+02   2.72920717e+02
  -1.16540170e+03  -2.46429078e+02  -1.32841098e+03  -1.08969256e+03
  -5.69862744e+02   5.80689225e+03  -1.85438517e+03  -4.03882878e+02
   1.52224064e+03   1.62249426e+03  -2.21123693e+02  -2.03983703e+03
  -3.26375003e+02   1.23455956e+03   1.72605158e+03  -9.72990339e+02
   1.06255676e+03   8.25526033e+02   8.60912189e+01  -9.99709106e+02
  -1.40598836e+03  -2.09310366e+03  -1.01879940e+03  -4.29446738e+01
   1.54028524e+03  -1.54585562e+03  -1.00390261e+03  -1.77298641e+02
   1.04935826e+03  -7.16193438e+02   3.75553153e+02  -3.06945041e+02
   7.73865589e+02   7.31438212e+02   2.76095183e+03  -8.75604010e+02
  -4.46489410e+02  -5.56543056e+01  -2.85021243e+02  -1.06969275e+03
   1.05982887e+02   7.31058315e+02  -3.65386148e+02   4.31061576e+02
  -5.46649429e+02  -9.62611154e+02  -1.46427974e+03  -1.47044614e+02
  -1.55137395e+03  -1.32710333e+03  -1.33038749e+02   3.51302407e+03
  -2.91346191e+02  -1.10004361e+02  -5.68900022e+02   6.02915748e+02
   1.14740726e+03  -8.74897929e+02  -1.43304074e+03   3.72922154e+02
  -1.85402902e+03   8.41258126e+02   1.19702149e+03   1.62055626e+03
   4.03462147e+03   9.30246155e+02   2.60871143e+03  -8.88820532e+01
   4.52073687e+02   1.22714404e+03  -2.96440409e+02   2.22102334e+02
  -5.64055808e+01  -5.58583272e+02  -1.16996554e+03  -1.55269654e+03
  -2.83370341e+02  -5.01315306e+02   8.83171634e+02   2.85174298e+02
  -1.48966008e+03  -9.90288531e+02  -1.10331030e+03  -1.18402296e+03
  -2.68141696e+01]
[ -5.35007735e+02  -9.63675819e+02   3.80423059e+01   1.58913928e+02
   8.92035699e+02   3.60282802e+02  -7.06803307e+02   4.86730173e+02
   1.68533828e+03   1.15920996e-01  -3.77720662e+02   4.68755182e+02
   1.75936293e+02  -4.92023038e+02  -4.88986760e+02   2.72918046e+02
  -1.16541561e+03  -2.46432377e+02  -1.32841733e+03  -1.08969423e+03
  -5.69862741e+02   5.80692355e+03  -1.85438951e+03  -4.03877879e+02
   1.52224606e+03   1.62250907e+03  -2.21120366e+02  -2.03984638e+03
  -3.26380075e+02   1.23456589e+03   1.72604975e+03  -9.72994075e+02
   1.06255986e+03   8.25531616e+02   8.60953269e+01  -9.99708635e+02
  -1.40598987e+03  -2.09311224e+03  -1.01880131e+03  -4.29490224e+01
   1.54028143e+03  -1.54586423e+03  -1.00390743e+03  -1.77300825e+02
   1.04934783e+03  -7.16193585e+02   3.75558466e+02  -3.06947166e+02
   7.73863995e+02   7.31442348e+02   2.76095069e+03  -8.75602551e+02
  -4.46494516e+02  -5.56570225e+01  -2.85019399e+02  -1.06969198e+03
   1.05997919e+02   7.31062697e+02  -3.65385699e+02   4.31066096e+02
  -5.46648034e+02  -9.62613626e+02  -1.46428642e+03  -1.47043699e+02
  -1.55137862e+03  -1.32710332e+03  -1.33038275e+02   3.51303547e+03
  -2.91345485e+02  -1.10005350e+02  -5.68907396e+02   6.02926319e+02
   1.14740844e+03  -8.74901386e+02  -1.43304364e+03   3.72918236e+02
  -1.85403250e+03   8.41265555e+02   1.19702365e+03   1.62054931e+03
   4.03463181e+03   9.30242251e+02   2.60872614e+03  -8.88842765e+01
   4.52072863e+02   1.22715300e+03  -2.96443062e+02   2.22099585e+02
  -5.64109499e+01  -5.58585503e+02  -1.16996783e+03  -1.55270328e+03
  -2.83372401e+02  -5.01312162e+02   8.83171964e+02   2.85185953e+02
  -1.48966238e+03  -9.90294875e+02  -1.10331166e+03  -1.18403375e+03
  -2.68248075e+01]
[ -5.35012029e+02  -9.63672787e+02   3.80322536e+01   1.58918430e+02
   8.92040150e+02   3.60288730e+02  -7.06801495e+02   4.86718527e+02
   1.68535650e+03   1.03524450e-01  -3.77717729e+02   4.68753145e+02
   1.75943087e+02  -4.92027166e+02  -4.89003633e+02   2.72930726e+02
  -1.16539665e+03  -2.46419142e+02  -1.32842706e+03  -1.08968828e+03
  -5.69873957e+02   5.80692381e+03  -1.85440198e+03  -4.03902116e+02
   1.52224765e+03   1.62250181e+03  -2.21126117e+02  -2.03985268e+03
  -3.26381915e+02   1.23458170e+03   1.72606672e+03  -9.72997022e+02
   1.06254101e+03   8.25536956e+02   8.60920123e+01  -9.99726509e+02
  -1.40599639e+03  -2.09310580e+03  -1.01879853e+03  -4.29396773e+01
   1.54029348e+03  -1.54586421e+03  -1.00392179e+03  -1.77293868e+02
   1.04936550e+03  -7.16198660e+02   3.75556738e+02  -3.06944357e+02
   7.73872631e+02   7.31439586e+02   2.76099054e+03  -8.75603697e+02
  -4.46487819e+02  -5.56473787e+01  -2.85029386e+02  -1.06971955e+03
   1.05985364e+02   7.31070220e+02  -3.65402187e+02   4.31061719e+02
  -5.46648915e+02  -9.62611696e+02  -1.46428135e+03  -1.47045619e+02
  -1.55138884e+03  -1.32711465e+03  -1.33042118e+02   3.51302868e+03
  -2.91349887e+02  -1.10007114e+02  -5.68902229e+02   6.02925522e+02
   1.14742385e+03  -8.74910595e+02  -1.43304699e+03   3.72909027e+02
  -1.85404895e+03   8.41267156e+02   1.19702823e+03   1.62057792e+03
   4.03465874e+03   9.30249234e+02   2.60874481e+03  -8.88808041e+01
   4.52074440e+02   1.22716284e+03  -2.96434445e+02   2.22117144e+02
  -5.64021602e+01  -5.58598346e+02  -1.16997422e+03  -1.55271072e+03
  -2.83374504e+02  -5.01330029e+02   8.83178173e+02   2.85181459e+02
  -1.48969245e+03  -9.90295325e+02  -1.10331738e+03  -1.18402935e+03
  -2.68176721e+01]
[ -5.34983830e+02  -9.63647082e+02   3.80142305e+01   1.58942268e+02
   8.92009530e+02   3.60265405e+02  -7.06798771e+02   4.86731495e+02
   1.68529999e+03   1.11985961e-01  -3.77731866e+02   4.68733741e+02
   1.75970304e+02  -4.91975377e+02  -4.88968445e+02   2.72874581e+02
  -1.16535294e+03  -2.46416890e+02  -1.32842160e+03  -1.08968076e+03
  -5.69857775e+02   5.80685763e+03  -1.85438940e+03  -4.03824574e+02
   1.52220643e+03   1.62250378e+03  -2.21087759e+02  -2.03983328e+03
  -3.26407894e+02   1.23452951e+03   1.72593672e+03  -9.72936336e+02
   1.06257071e+03   8.25545589e+02   8.61218670e+01  -9.99638388e+02
  -1.40595811e+03  -2.09302916e+03  -1.01874919e+03  -4.29936968e+01
   1.54021666e+03  -1.54586559e+03  -1.00391731e+03  -1.77344235e+02
   1.04928628e+03  -7.16171313e+02   3.75542097e+02  -3.06941127e+02
   7.73808873e+02   7.31499625e+02   2.76085399e+03  -8.75598554e+02
  -4.46471346e+02  -5.56518737e+01  -2.84968778e+02  -1.06967815e+03
   1.05977064e+02   7.31062177e+02  -3.65407649e+02   4.31097399e+02
  -5.46610875e+02  -9.62607744e+02  -1.46424083e+03  -1.47035689e+02
  -1.55135459e+03  -1.32711373e+03  -1.33018326e+02   3.51292798e+03
  -2.91363990e+02  -1.09989326e+02  -5.68877341e+02   6.02925236e+02
   1.14738999e+03  -8.74827933e+02  -1.43300449e+03   3.72899305e+02
  -1.85397280e+03   8.41283739e+02   1.19699344e+03   1.62051754e+03
   4.03455331e+03   9.30194327e+02   2.60868776e+03  -8.89023596e+01
   4.51993216e+02   1.22719351e+03  -2.96406679e+02   2.22071685e+02
  -5.63882765e+01  -5.58589770e+02  -1.16997317e+03  -1.55269233e+03
  -2.83396853e+02  -5.01296212e+02   8.83169351e+02   2.85206824e+02
  -1.48967962e+03  -9.90297969e+02  -1.10331733e+03  -1.18403569e+03
  -2.67797511e+01]
[ -5.35005439e+02  -9.63716565e+02   3.80552143e+01   1.58967682e+02
   8.92093623e+02   3.60319916e+02  -7.06883854e+02   4.86725542e+02
   1.68540151e+03   1.29808017e-01  -3.77775210e+02   4.68728789e+02
   1.76001635e+02  -4.92043996e+02  -4.89000961e+02   2.72916531e+02
  -1.16545212e+03  -2.46444346e+02  -1.32850234e+03  -1.08968859e+03
  -5.69914242e+02   5.80710343e+03  -1.85442448e+03  -4.03893627e+02
   1.52230479e+03   1.62254305e+03  -2.21119067e+02  -2.03989197e+03
  -3.26407777e+02   1.23466667e+03   1.72612043e+03  -9.73003766e+02
   1.06252817e+03   8.25585105e+02   8.61275668e+01  -9.99724941e+02
  -1.40601914e+03  -2.09317119e+03  -1.01877737e+03  -4.29432443e+01
   1.54028879e+03  -1.54591336e+03  -1.00394950e+03  -1.77295312e+02
   1.04935317e+03  -7.16198332e+02   3.75581635e+02  -3.06951718e+02
   7.73852956e+02   7.31471046e+02   2.76104151e+03  -8.75625348e+02
  -4.46512160e+02  -5.56602589e+01  -2.85037100e+02  -1.06971539e+03
   1.06019069e+02   7.31091572e+02  -3.65399271e+02   4.31076449e+02
  -5.46636581e+02  -9.62619652e+02  -1.46433124e+03  -1.47045887e+02
  -1.55142825e+03  -1.32712171e+03  -1.33026972e+02   3.51309957e+03
  -2.91356652e+02  -1.10031393e+02  -5.68931054e+02   6.02984991e+02
   1.14742504e+03  -8.74942212e+02  -1.43309398e+03   3.72891179e+02
  -1.85409392e+03   8.41333090e+02   1.19706415e+03   1.62058318e+03
   4.03473792e+03   9.30242103e+02   2.60882950e+03  -8.89182869e+01
   4.52072657e+02   1.22720369e+03  -2.96446745e+02   2.22113617e+02
  -5.64367913e+01  -5.58606576e+02  -1.17001518e+03  -1.55275872e+03
  -2.83398820e+02  -5.01350249e+02   8.83186157e+02   2.85224715e+02
  -1.48972844e+03  -9.90342786e+02  -1.10333653e+03  -1.18408484e+03
  -2.68352520e+01]
[ -5.34870199e+02  -9.63420620e+02   3.78572072e+01   1.58889485e+02
   8.91849837e+02   3.60137115e+02  -7.06575826e+02   4.86529433e+02
   1.68506308e+03  -7.95602467e-02  -3.77547429e+02   4.68679309e+02
   1.76017420e+02  -4.91878381e+02  -4.88988746e+02   2.72811679e+02
  -1.16498392e+03  -2.46250662e+02  -1.32832954e+03  -1.08949664e+03
  -5.69812927e+02   5.80583564e+03  -1.85418274e+03  -4.03828398e+02
   1.52192776e+03   1.62215262e+03  -2.21082206e+02  -2.03961592e+03
  -3.26279127e+02   1.23431355e+03   1.72579414e+03  -9.72704163e+02
   1.06241119e+03   8.25471812e+02   8.60915472e+01  -9.99549154e+02
  -1.40583221e+03  -2.09269039e+03  -1.01855304e+03  -4.29467826e+01
   1.54012299e+03  -1.54562611e+03  -1.00384816e+03  -1.77341006e+02
   1.04927907e+03  -7.16069743e+02   3.75484305e+02  -3.06908439e+02
   7.73704352e+02   7.31559842e+02   2.76074527e+03  -8.75559960e+02
  -4.46438887e+02  -5.54845303e+01  -2.84893863e+02  -1.06957885e+03
   1.05775193e+02   7.31004361e+02  -3.65401805e+02   4.31014243e+02
  -5.46657898e+02  -9.62515388e+02  -1.46397485e+03  -1.46960482e+02
  -1.55107619e+03  -1.32707369e+03  -1.33072954e+02   3.51226564e+03
  -2.91373152e+02  -1.09878431e+02  -5.68695858e+02   6.02715976e+02
   1.14732277e+03  -8.74635715e+02  -1.43275823e+03   3.72847204e+02
  -1.85369569e+03   8.41068366e+02   1.19687790e+03   1.62045652e+03
   4.03410677e+03   9.30136488e+02   2.60823774e+03  -8.88798413e+01
   4.51908961e+02   1.22706222e+03  -2.96238839e+02   2.22048797e+02
  -5.62355605e+01  -5.58576158e+02  -1.16988822e+03  -1.55247981e+03
  -2.83372172e+02  -5.01277908e+02   8.83131951e+02   2.85012083e+02
  -1.48965308e+03  -9.90214895e+02  -1.10327155e+03  -1.18389686e+03
  -2.66038234e+01]
[ -5.34923923e+02  -9.63524275e+02   3.79263234e+01   1.58887444e+02
   8.91913805e+02   3.60208369e+02  -7.06687453e+02   4.86581094e+02
   1.68518995e+03   2.64224705e-03  -3.77609205e+02   4.68703647e+02
   1.75994337e+02  -4.91940572e+02  -4.88997569e+02   2.72859021e+02
  -1.16516310e+03  -2.46320256e+02  -1.32836285e+03  -1.08956142e+03
  -5.69820984e+02   5.80624108e+03  -1.85427873e+03  -4.03882926e+02
   1.52204861e+03   1.62228208e+03  -2.21112345e+02  -2.03971655e+03
  -3.26304018e+02   1.23442615e+03   1.72592812e+03  -9.72813409e+02
   1.06244337e+03   8.25501194e+02   8.60717532e+01  -9.99650133e+02
  -1.40589907e+03  -2.09287335e+03  -1.01865070e+03  -4.29172137e+01
   1.54020795e+03  -1.54569307e+03  -1.00386573e+03  -1.77323146e+02
   1.04931548e+03  -7.16122345e+02   3.75527976e+02  -3.06917714e+02
   7.73780321e+02   7.31502170e+02   2.76087137e+03  -8.75568254e+02
  -4.46459700e+02  -5.55260741e+01  -2.84985408e+02  -1.06963821e+03
   1.05860931e+02   7.31038723e+02  -3.65403127e+02   4.31023383e+02
  -5.46668582e+02  -9.62538201e+02  -1.46408908e+03  -1.46982519e+02
  -1.55119056e+03  -1.32707093e+03  -1.33083401e+02   3.51255573e+03
  -2.91363815e+02  -1.09932874e+02  -5.68779680e+02   6.02808804e+02
   1.14737252e+03  -8.74760776e+02  -1.43286292e+03   3.72881477e+02
  -1.85383942e+03   8.41133921e+02   1.19694297e+03   1.62050779e+03
   4.03431965e+03   9.30192674e+02   2.60843875e+03  -8.88763945e+01
   4.51997709e+02   1.22708215e+03  -2.96312230e+02   2.22071448e+02
  -5.62920623e+01  -5.58593482e+02  -1.16991700e+03  -1.55256892e+03
  -2.83366913e+02  -5.01269908e+02   8.83159882e+02   2.85051839e+02
  -1.48965860e+03  -9.90236718e+02  -1.10329317e+03  -1.18395340e+03
  -2.67284778e+01]
[ -5.35028612e+02  -9.63661401e+02   3.81066632e+01   1.58947595e+02
   8.92050624e+02   3.60255437e+02  -7.06731605e+02   4.86751350e+02
   1.68528250e+03   1.63666126e-01  -3.77808239e+02   4.68737117e+02
   1.75983434e+02  -4.92070502e+02  -4.88959887e+02   2.72815233e+02
  -1.16536348e+03  -2.46456330e+02  -1.32851990e+03  -1.08968025e+03
  -5.69865604e+02   5.80686137e+03  -1.85441987e+03  -4.03720397e+02
   1.52220432e+03   1.62257394e+03  -2.21026557e+02  -2.03986873e+03
  -3.26398808e+02   1.23451818e+03   1.72592772e+03  -9.72970768e+02
   1.06264995e+03   8.25553894e+02   8.61983388e+01  -9.99599306e+02
  -1.40595646e+03  -2.09308964e+03  -1.01874600e+03  -4.29502125e+01
   1.54014489e+03  -1.54594259e+03  -1.00387430e+03  -1.77417943e+02
   1.04927571e+03  -7.16102393e+02   3.75600030e+02  -3.06922373e+02
   7.73721505e+02   7.31492711e+02   2.76072673e+03  -8.75680562e+02
  -4.46513933e+02  -5.56387154e+01  -2.84936632e+02  -1.06958443e+03
   1.06077013e+02   7.31139860e+02  -3.65271932e+02   4.31093864e+02
  -5.46630293e+02  -9.62628450e+02  -1.46421839e+03  -1.47065994e+02
  -1.55126400e+03  -1.32703466e+03  -1.32986153e+02   3.51305339e+03
  -2.91334056e+02  -1.09989805e+02  -5.68878867e+02   6.02920778e+02
   1.14728267e+03  -8.74845191e+02  -1.43293300e+03   3.72838103e+02
  -1.85399630e+03   8.41286402e+02   1.19695225e+03   1.62035799e+03
   4.03443342e+03   9.30082518e+02   2.60867432e+03  -8.88797682e+01
   4.52017047e+02   1.22724460e+03  -2.96468535e+02   2.21963314e+02
  -5.63909629e+01  -5.58540224e+02  -1.17003635e+03  -1.55272582e+03
  -2.83395786e+02  -5.01227776e+02   8.83110384e+02   2.85312304e+02
  -1.48955474e+03  -9.90376499e+02  -1.10331879e+03  -1.18404454e+03
  -2.67404528e+01]
