76 0
12 0
12 0
12 0
57 0
12 0
0 0
0 0
0 0
1 0
1 0
1 0
1 0
1 0
1 0
1 0
33 0
33 0
16 0
33 0
1 0
1 0
1 0
12 0
12 0
12 0
12 0
12 0
12 0
12 0
1 0
0 0
17 0
55 0
0 0
0 0
55 0
0 0
0 0
0 0
0 0
0 0
0 0
0 0
0 0
0 0
0 0
0 0
0 0
0 0
0 0
0 0
0 0
0 0
0 0
0 0
0 0
0 0
0 0
12 0
0 0
0 0
0 0
0 0
0 0
0 0
0 0
0 0
0 0
0 0
0 0
0 0
0 0
0 0
0 0
0 0
0 0
0 0
0 0
0 0
0 0
0 0
0 0
0 0
0 0
0 0
0 0
0 0
0 0
0 0
0 0
0 0
0 0
0 0
0 0
0 0
0 0
0 0
0 0
0 0
0 0
0 0
0 0
0 0
0 0
12 0
0 0
0 0
0 0
0 0
0 0
0 0
0 0
0 0
0 0
0 0
0 0
0 0
0 0
0 0
0 0
0 0
0 0
0 0
0 0
0 0
0 0
0 0
0 0
0 0
0 0
0 0
0 0
0 0
0 0
0 0
0 0
0 0
0 0
0 0
0 0
0 0
0 0
0 0
0 0
1 1
1 1
1 1
1 1
1 1
19 1
19 1
19 1
19 1
58 1
58 1
45 1
69 1
0 1
0 1
1 1
0 1
0 1
19 1
19 1
19 1
19 1
19 1
12 1
12 1
12 1
12 1
12 1
0 1
19 1
0 1
19 1
1 1
1 1
1 1
1 1
1 1
1 1
1 1
1 1
1 1
1 1
1 1
1 1
12 1
1 1
12 1
12 1
1 1
1 1
1 1
1 1
1 1
1 1
1 1
1 1
1 1
1 1
1 1
1 1
1 1
1 1
1 1
1 1
1 1
1 1
1 1
1 1
1 1
1 1
1 1
1 1
1 1
1 1
1 1
1 1
1 1
1 1
1 1
1 1
1 1
1 1
1 1
1 1
1 1
1 1
1 1
1 1
0 1
13 1
1 1
66 1
1 1
1 1
1 1
1 1
1 1
1 1
1 1
1 1
1 1
98 1
45 1
45 1
45 1
0 1
0 1
0 1
1 1
1 1
19 1
1 1
1 1
1 1
55 2
35 2
47 2
47 2
46 2
46 2
55 2
32 2
2 2
2 2
2 2
2 2
32 2
2 2
32 2
32 2
23 2
74 2
74 2
2 2
2 2
2 2
2 2
2 2
74 2
74 2
2 2
82 2
82 2
92 2
92 2
92 2
93 2
93 2
92 2
21 2
21 2
21 2
21 2
21 2
21 2
2 2
2 2
2 2
2 2
2 2
2 2
2 2
2 2
2 2
2 2
2 2
2 2
2 2
2 2
2 2
2 2
2 2
2 2
2 2
2 2
2 2
2 2
2 2
2 2
2 2
2 2
2 2
2 2
2 2
2 2
2 2
2 2
2 2
2 2
2 2
2 2
2 2
2 2
2 2
2 2
2 2
2 2
2 2
2 2
2 2
2 2
2 2
2 2
2 2
2 2
2 2
2 2
2 2
2 2
2 2
2 2
2 2
2 2
2 2
2 2
2 2
2 2
2 2
2 2
2 2
2 2
2 2
2 2
2 2
2 2
2 2
2 2
2 2
2 2
2 2
2 2
2 2
2 2
2 2
2 2
2 2
2 2
2 2
2 2
2 2
2 2
2 2
2 2
2 2
2 2
2 2
2 2
2 2
2 2
2 2
2 2
2 2
2 2
2 2
2 2
2 2
2 2
2 2
2 2
3 3
89 3
89 3
74 3
3 3
36 3
3 3
97 3
3 3
3 3
40 3
40 3
73 3
72 3
3 3
3 3
3 3
16 3
3 3
3 3
3 3
24 3
3 3
88 3
88 3
15 3
88 3
15 3
88 3
2 3
0 3
3 3
3 3
59 3
3 3
3 3
3 3
3 3
3 3
3 3
3 3
3 3
3 3
3 3
3 3
3 3
3 3
3 3
3 3
3 3
3 3
3 3
3 3
15 3
3 3
3 3
3 3
3 3
3 3
3 3
3 3
3 3
3 3
3 3
3 3
3 3
3 3
3 3
3 3
3 3
3 3
3 3
3 3
3 3
3 3
3 3
3 3
3 3
3 3
3 3
3 3
3 3
97 3
3 3
3 3
3 3
3 3
3 3
3 3
3 3
3 3
3 3
3 3
3 3
3 3
3 3
3 3
3 3
3 3
3 3
3 3
3 3
3 3
3 3
3 3
3 3
3 3
3 3
3 3
3 3
3 3
3 3
19 3
77 3
3 3
33 3
3 3
9 3
3 3
42 3
3 3
3 3
3 3
3 3
3 3
3 3
3 3
3 3
3 3
3 3
3 3
3 3
5 4
21 4
56 4
4 4
56 4
4 4
4 4
95 4
4 4
37 4
56 4
56 4
95 4
70 4
70 4
70 4
95 4
4 4
4 4
4 4
4 4
4 4
4 4
56 4
5 4
4 4
4 4
95 4
95 4
67 4
95 4
4 4
95 4
4 4
4 4
4 4
4 4
4 4
4 4
4 4
95 4
85 4
4 4
4 4
4 4
4 4
67 4
95 4
95 4
4 4
4 4
95 4
4 4
4 4
4 4
95 4
95 4
4 4
4 4
8 4
4 4
4 4
56 4
4 4
4 4
4 4
4 4
4 4
4 4
4 4
4 4
4 4
4 4
4 4
4 4
4 4
4 4
4 4
4 4
4 4
4 4
4 4
35 4
4 4
4 4
4 4
4 4
4 4
4 4
4 4
4 4
4 4
4 4
4 4
4 4
4 4
4 4
4 4
4 4
4 4
4 4
4 4
4 4
4 4
4 4
4 4
4 4
21 4
5 5
5 5
5 5
5 5
5 5
5 5
5 5
52 5
52 5
5 5
5 5
5 5
5 5
5 5
52 5
57 5
5 5
5 5
5 5
5 5
5 5
33 5
5 5
5 5
5 5
5 5
56 5
26 5
5 5
26 5
5 5
5 5
5 5
21 5
5 5
5 5
5 5
26 5
5 5
5 5
5 5
5 5
5 5
5 5
5 5
5 5
5 5
5 5
5 5
93 5
5 5
5 5
5 5
5 5
5 5
5 5
5 5
5 5
5 5
5 5
5 5
5 5
5 5
5 5
5 5
5 5
5 5
5 5
5 5
5 5
5 5
5 5
5 5
5 5
5 5
5 5
5 5
5 5
5 5
5 5
5 5
5 5
5 5
5 5
5 5
5 5
5 5
5 5
5 5
5 5
5 5
5 5
5 5
5 5
5 5
5 5
5 5
5 5
5 5
5 5
5 5
5 5
5 5
5 5
5 5
5 5
5 5
5 5
5 5
5 5
5 5
5 5
5 5
5 5
5 5
5 5
5 5
5 5
5 5
5 5
5 5
5 5
5 5
5 5
5 5
5 5
5 5
5 5
5 5
5 5
5 5
5 5
5 5
5 5
5 5
5 5
5 5
5 5
5 5
5 5
5 5
5 5
5 5
5 5
5 5
5 5
5 5
5 5
5 5
5 5
5 5
64 5
5 5
5 5
5 5
32 6
90 6
79 6
90 6
41 6
41 6
6 6
6 6
6 6
6 6
6 6
88 6
32 6
6 6
6 6
6 6
6 6
6 6
6 6
6 6
6 6
6 6
39 6
27 6
27 6
27 6
27 6
27 6
8 6
6 6
6 6
6 6
6 6
6 6
6 6
6 6
6 6
6 6
6 6
6 6
6 6
6 6
6 6
6 6
6 6
6 6
6 6
6 6
6 6
6 6
6 6
6 6
6 6
6 6
6 6
6 6
6 6
6 6
6 6
6 6
6 6
6 6
6 6
6 6
6 6
6 6
6 6
6 6
6 6
6 6
6 6
6 6
6 6
6 6
6 6
6 6
6 6
6 6
6 6
6 6
6 6
6 6
6 6
6 6
6 6
6 6
6 6
6 6
6 6
6 6
6 6
6 6
6 6
6 6
6 6
6 6
6 6
6 6
6 6
6 6
6 6
6 6
6 6
6 6
6 6
6 6
6 6
6 6
6 6
6 6
6 6
6 6
6 6
6 6
6 6
6 6
6 6
6 6
6 6
6 6
6 6
6 6
6 6
6 6
6 6
6 6
6 6
6 6
6 6
6 6
6 6
6 6
6 6
6 6
6 6
6 6
6 6
6 6
6 6
6 6
6 6
6 6
6 6
6 6
6 6
6 6
6 6
6 6
6 6
6 6
39 7
39 7
39 7
39 7
39 7
23 7
85 7
96 7
96 7
96 7
96 7
96 7
96 7
7 7
7 7
7 7
7 7
7 7
7 7
78 7
79 7
79 7
79 7
91 7
67 7
85 7
91 7
34 7
74 7
65 7
41 7
7 7
7 7
7 7
7 7
7 7
96 7
10 7
7 7
7 7
7 7
7 7
7 7
7 7
7 7
7 7
7 7
7 7
7 7
7 7
7 7
7 7
7 7
7 7
7 7
7 7
7 7
7 7
7 7
7 7
7 7
7 7
7 7
7 7
7 7
7 7
7 7
7 7
7 7
7 7
7 7
7 7
7 7
7 7
7 7
7 7
7 7
7 7
7 7
7 7
7 7
7 7
7 7
7 7
7 7
7 7
25 7
7 7
7 7
20 7
7 7
7 7
7 7
7 7
7 7
7 7
7 7
7 7
7 7
7 7
7 7
7 7
7 7
7 7
7 7
7 7
7 7
7 7
7 7
7 7
7 7
7 7
7 7
7 7
7 7
7 7
7 7
7 7
7 7
7 7
7 7
7 7
7 7
7 7
7 7
7 7
7 7
7 7
7 7
7 7
7 7
7 7
7 7
7 7
8 8
8 8
8 8
8 8
8 8
8 8
8 8
8 8
8 8
8 8
8 8
8 8
8 8
8 8
8 8
8 8
8 8
8 8
8 8
8 8
8 8
8 8
8 8
8 8
8 8
8 8
8 8
8 8
8 8
8 8
8 8
8 8
8 8
8 8
8 8
8 8
8 8
8 8
8 8
8 8
8 8
8 8
8 8
8 8
8 8
8 8
8 8
8 8
8 8
8 8
8 8
8 8
8 8
8 8
8 8
8 8
8 8
8 8
8 8
8 8
8 8
8 8
8 8
8 8
8 8
8 8
8 8
8 8
8 8
8 8
8 8
8 8
8 8
8 8
8 8
8 8
8 8
8 8
8 8
8 8
8 8
8 8
8 8
8 8
8 8
8 8
8 8
8 8
8 8
8 8
8 8
8 8
8 8
8 8
8 8
8 8
8 8
8 8
8 8
8 8
8 8
8 8
8 8
8 8
8 8
8 8
8 8
8 8
8 8
22 8
8 8
8 8
8 8
8 8
8 8
8 8
8 8
8 8
8 8
8 8
8 8
8 8
8 8
8 8
8 8
8 8
8 8
8 8
8 8
8 8
8 8
37 9
9 9
9 9
9 9
9 9
37 9
51 9
51 9
51 9
51 9
51 9
51 9
51 9
26 9
57 9
57 9
57 9
26 9
26 9
26 9
16 9
16 9
16 9
16 9
16 9
16 9
16 9
5 9
51 9
51 9
10 9
5 9
5 9
51 9
98 9
98 9
16 9
98 9
57 9
57 9
98 9
9 9
9 9
9 9
9 9
9 9
9 9
9 9
9 9
9 9
9 9
9 9
9 9
9 9
9 9
9 9
9 9
9 9
9 9
9 9
9 9
9 9
9 9
9 9
9 9
9 9
9 9
9 9
9 9
9 9
9 9
9 9
9 9
9 9
9 9
9 9
9 9
9 9
9 9
58 9
9 9
9 9
9 9
9 9
9 9
9 9
9 9
9 9
9 9
9 9
9 9
9 9
9 9
9 9
9 9
9 9
9 9
9 9
9 9
9 9
9 9
9 9
9 9
9 9
9 9
9 9
9 9
9 9
9 9
9 9
9 9
9 9
9 9
9 9
9 9
9 9
9 9
9 9
9 9
9 9
9 9
9 9
9 9
9 9
9 9
9 9
9 9
9 9
9 9
9 9
9 9
9 9
9 9
9 9
9 9
9 9
9 9
9 9
9 9
9 9
9 9
9 9
9 9
9 9
9 9
9 9
9 9
9 9
9 9
9 9
9 9
9 9
9 9
9 9
9 9
9 9
9 9
9 9
9 9
9 9
10 10
50 10
41 10
92 10
10 10
10 10
10 10
10 10
10 10
7 10
10 10
97 10
97 10
97 10
97 10
10 10
10 10
10 10
35 10
78 10
10 10
10 10
10 10
10 10
41 10
10 10
10 10
10 10
10 10
10 10
58 10
79 10
10 10
67 10
41 10
10 10
41 10
79 10
10 10
10 10
51 10
2 10
51 10
51 10
10 10
10 10
10 10
10 10
10 10
10 10
10 10
10 10
10 10
10 10
10 10
10 10
10 10
10 10
74 10
92 10
10 10
10 10
10 10
10 10
2 10
2 10
10 10
10 10
10 10
10 10
10 10
10 10
87 10
30 10
10 10
10 10
10 10
10 10
10 10
10 10
10 10
10 10
10 10
10 10
10 10
10 10
10 10
10 10
10 10
10 10
10 10
10 10
10 10
10 10
10 10
10 10
32 10
10 10
10 10
10 10
10 10
10 10
10 10
10 10
10 10
10 10
10 10
10 10
10 10
10 10
10 10
10 10
10 10
10 10
10 10
10 10
10 10
10 10
10 10
51 10
10 10
10 10
10 10
10 10
10 10
10 10
10 10
10 10
10 10
10 10
10 10
10 10
10 10
10 10
11 11
11 11
11 11
11 11
11 11
11 11
11 11
11 11
11 11
11 11
11 11
11 11
11 11
11 11
95 11
11 11
11 11
11 11
11 11
11 11
11 11
11 11
11 11
11 11
11 11
11 11
11 11
11 11
11 11
11 11
11 11
11 11
11 11
11 11
11 11
11 11
11 11
11 11
11 11
11 11
11 11
11 11
11 11
11 11
11 11
11 11
11 11
11 11
11 11
11 11
11 11
11 11
11 11
11 11
11 11
11 11
11 11
11 11
11 11
11 11
11 11
11 11
11 11
11 11
11 11
11 11
11 11
11 11
11 11
11 11
11 11
11 11
11 11
11 11
11 11
11 11
11 11
11 11
11 11
11 11
11 11
11 11
11 11
11 11
11 11
11 11
11 11
11 11
11 11
11 11
11 11
11 11
11 11
11 11
11 11
11 11
11 11
11 11
11 11
11 11
11 11
11 11
11 11
11 11
11 11
11 11
11 11
11 11
11 11
11 11
11 11
11 11
11 11
11 11
11 11
11 11
11 11
11 11
11 11
11 11
11 11
11 11
11 11
11 11
11 11
11 11
11 11
11 11
11 11
11 11
11 11
11 11
11 11
11 11
11 11
11 11
11 11
11 11
11 11
11 11
11 11
11 11
11 11
11 11
11 11
11 11
11 11
11 11
11 11
11 11
60 12
12 12
57 12
12 12
89 12
33 12
55 12
55 12
55 12
1 12
19 12
19 12
19 12
19 12
12 12
82 12
82 12
33 12
58 12
15 12
12 12
12 12
12 12
12 12
38 12
33 12
5 12
12 12
12 12
58 12
74 12
12 12
12 12
12 12
12 12
12 12
12 12
12 12
12 12
12 12
12 12
12 12
12 12
12 12
12 12
12 12
12 12
12 12
12 12
77 12
12 12
12 12
9 12
12 12
12 12
12 12
12 12
12 12
12 12
12 12
12 12
12 12
12 12
12 12
12 12
12 12
12 12
12 12
12 12
12 12
12 12
12 12
12 12
12 12
12 12
12 12
12 12
12 12
12 12
12 12
12 12
12 12
12 12
12 12
12 12
12 12
12 12
12 12
12 12
12 12
12 12
12 12
12 12
12 12
12 12
12 12
12 12
12 12
12 12
12 12
12 12
12 12
12 12
12 12
12 12
12 12
12 12
12 12
12 12
12 12
12 12
12 12
12 12
12 12
12 12
12 12
12 12
38 12
12 12
12 12
12 12
12 12
12 12
12 12
12 12
12 12
12 12
12 12
12 12
12 12
12 12
38 13
24 13
13 13
13 13
76 13
57 13
19 13
12 13
13 13
13 13
13 13
13 13
2 13
2 13
2 13
2 13
2 13
13 13
19 13
13 13
13 13
13 13
13 13
33 13
58 13
5 13
13 13
13 13
13 13
13 13
13 13
70 13
38 13
13 13
13 13
13 13
57 13
13 13
13 13
13 13
57 13
13 13
13 13
13 13
13 13
13 13
13 13
10 13
19 13
13 13
13 13
13 13
13 13
33 13
13 13
13 13
13 13
13 13
13 13
13 13
13 13
13 13
13 13
13 13
13 13
13 13
13 13
13 13
13 13
13 13
13 13
13 13
13 13
13 13
13 13
13 13
13 13
13 13
13 13
21 13
13 13
13 13
13 13
13 13
13 13
13 13
13 13
13 13
13 13
13 13
13 13
13 13
13 13
65 13
13 13
86 13
13 13
13 13
13 13
13 13
13 13
13 13
13 13
13 13
13 13
13 13
13 13
13 13
13 13
39 14
39 14
39 14
14 14
57 14
57 14
51 14
57 14
2 14
2 14
2 14
2 14
2 14
98 14
98 14
98 14
98 14
66 14
66 14
66 14
85 14
19 14
57 14
36 14
57 14
54 14
39 14
23 14
39 14
39 14
14 14
14 14
14 14
14 14
14 14
14 14
14 14
14 14
14 14
14 14
14 14
14 14
14 14
14 14
14 14
14 14
14 14
14 14
14 14
14 14
14 14
14 14
14 14
50 14
14 14
14 14
14 14
14 14
14 14
14 14
14 14
14 14
14 14
14 14
14 14
14 14
14 14
14 14
14 14
14 14
14 14
14 14
14 14
14 14
14 14
14 14
14 14
14 14
14 14
14 14
14 14
91 14
14 14
14 14
14 14
14 14
14 14
14 14
14 14
14 14
14 14
14 14
14 14
14 14
14 14
14 14
14 14
14 14
14 14
14 14
14 14
14 14
14 14
14 14
14 14
14 14
14 14
14 14
14 14
14 14
14 14
14 14
15 15
15 15
15 15
15 15
15 15
15 15
15 15
15 15
15 15
15 15
15 15
15 15
15 15
15 15
15 15
15 15
15 15
15 15
23 15
15 15
86 15
86 15
15 15
15 15
15 15
15 15
15 15
15 15
15 15
15 15
15 15
32 15
86 15
15 15
15 15
15 15
15 15
15 15
15 15
15 15
15 15
15 15
15 15
15 15
15 15
15 15
15 15
15 15
15 15
15 15
15 15
15 15
15 15
15 15
15 15
15 15
15 15
15 15
15 15
15 15
15 15
15 15
15 15
15 15
15 15
15 15
15 15
15 15
15 15
15 15
15 15
15 15
15 15
15 15
15 15
15 15
15 15
15 15
15 15
15 15
15 15
15 15
15 15
15 15
15 15
15 15
15 15
15 15
15 15
15 15
15 15
15 15
15 15
15 15
15 15
15 15
15 15
15 15
15 15
15 15
15 15
15 15
15 15
15 15
15 15
15 15
15 15
15 15
15 15
15 15
15 15
15 15
15 15
15 15
15 15
15 15
15 15
15 15
15 15
15 15
15 15
15 15
15 15
15 15
15 15
15 15
15 15
15 15
15 15
15 15
15 15
15 15
15 15
15 15
15 15
15 15
15 15
15 15
15 15
15 15
15 15
15 15
15 15
15 15
15 15
15 15
15 15
15 15
15 15
15 15
15 15
15 15
15 15
15 15
15 15
69 16
20 16
57 16
9 16
68 16
20 16
25 16
15 16
61 16
15 16
61 16
15 16
15 16
15 16
55 16
17 16
17 16
34 16
17 16
55 16
17 16
58 16
58 16
69 16
61 16
12 16
12 16
58 16
12 16
12 16
12 16
12 16
12 16
12 16
58 16
5 16
9 16
5 16
9 16
9 16
74 16
74 16
16 16
16 16
77 16
16 16
16 16
77 16
16 16
16 16
16 16
16 16
16 16
16 16
16 16
16 16
16 16
16 16
16 16
16 16
16 16
16 16
16 16
16 16
16 16
16 16
16 16
16 16
16 16
16 16
16 16
16 16
16 16
16 16
16 16
16 16
16 16
16 16
16 16
16 16
16 16
16 16
16 16
16 16
16 16
16 16
16 16
16 16
16 16
16 16
16 16
16 16
16 16
16 16
16 16
16 16
16 16
16 16
16 16
16 16
16 16
16 16
16 16
16 16
16 16
16 16
16 16
16 16
16 16
16 16
16 16
16 16
16 16
16 16
16 16
16 16
16 16
16 16
16 16
16 16
16 16
16 16
16 16
16 16
16 16
16 16
16 16
16 16
16 16
16 16
16 16
16 16
16 16
16 16
16 16
16 16
16 16
16 16
16 16
16 16
16 16
16 16
16 16
16 16
16 16
16 16
16 16
16 16
16 16
16 16
16 16
16 16
16 16
16 16
16 16
16 16
16 16
16 16
16 16
35 16
16 16
16 16
98 16
17 17
99 17
99 17
17 17
17 17
17 17
17 17
34 17
17 17
73 17
17 17
17 17
73 17
12 17
12 17
12 17
12 17
0 17
12 17
12 17
0 17
0 17
0 17
0 17
0 17
57 17
57 17
17 17
17 17
17 17
0 17
0 17
0 17
0 17
0 17
34 17
0 17
17 17
17 17
17 17
17 17
17 17
17 17
17 17
17 17
17 17
17 17
17 17
17 17
76 17
17 17
17 17
17 17
17 17
17 17
17 17
17 17
17 17
17 17
17 17
34 17
34 17
34 17
34 17
17 17
17 17
17 17
17 17
17 17
17 17
17 17
17 17
17 17
17 17
17 17
17 17
17 17
17 17
17 17
17 17
17 17
17 17
17 17
17 17
17 17
17 17
17 17
17 17
17 17
17 17
17 17
17 17
17 17
17 17
17 17
17 17
17 17
17 17
17 17
17 17
17 17
17 17
17 17
17 17
17 17
17 17
69 17
17 17
57 17
17 17
17 17
17 17
17 17
17 17
17 17
17 17
17 17
17 17
17 17
17 17
17 17
17 17
17 17
17 17
17 17
17 17
17 17
17 17
17 17
17 17
17 17
17 17
17 17
17 17
18 18
18 18
18 18
18 18
18 18
18 18
18 18
18 18
18 18
18 18
18 18
31 18
18 18
18 18
18 18
18 18
18 18
18 18
18 18
18 18
18 18
18 18
18 18
18 18
18 18
18 18
18 18
87 18
18 18
18 18
18 18
18 18
18 18
18 18
18 18
18 18
18 18
18 18
18 18
18 18
18 18
18 18
18 18
18 18
18 18
18 18
18 18
18 18
18 18
18 18
18 18
18 18
18 18
18 18
18 18
18 18
18 18
18 18
18 18
18 18
18 18
18 18
18 18
18 18
18 18
18 18
18 18
18 18
18 18
80 18
18 18
18 18
18 18
18 18
18 18
18 18
18 18
18 18
18 18
18 18
18 18
18 18
18 18
18 18
18 18
18 18
18 18
18 18
18 18
18 18
18 18
18 18
18 18
18 18
18 18
18 18
18 18
18 18
18 18
18 18
18 18
19 19
19 19
19 19
19 19
16 19
19 19
16 19
19 19
16 19
19 19
19 19
19 19
19 19
2 19
19 19
45 19
77 19
19 19
98 19
98 19
0 19
77 19
0 19
1 19
1 19
1 19
1 19
1 19
1 19
1 19
0 19
0 19
19 19
42 19
0 19
19 19
19 19
19 19
19 19
19 19
19 19
19 19
19 19
1 19
1 19
19 19
19 19
19 19
19 19
19 19
19 19
19 19
19 19
19 19
19 19
19 19
19 19
19 19
19 19
19 19
19 19
89 19
19 19
19 19
19 19
19 19
19 19
19 19
19 19
19 19
19 19
19 19
19 19
19 19
19 19
73 19
19 19
19 19
19 19
19 19
19 19
19 19
19 19
19 19
19 19
19 19
19 19
19 19
19 19
19 19
19 19
19 19
19 19
19 19
19 19
19 19
19 19
19 19
19 19
19 19
19 19
1 19
19 19
19 19
19 19
19 19
19 19
19 19
19 19
19 19
19 19
19 19
19 19
19 19
19 19
19 19
19 19
38 19
19 19
19 19
19 19
19 19
38 19
19 19
19 19
19 19
19 19
19 19
19 19
19 19
19 19
58 20
74 20
58 20
58 20
74 20
50 20
50 20
50 20
50 20
20 20
20 20
20 20
20 20
20 20
20 20
6 20
6 20
6 20
6 20
6 20
78 20
78 20
20 20
78 20
51 20
51 20
20 20
51 20
20 20
20 20
20 20
20 20
20 20
20 20
20 20
20 20
20 20
20 20
20 20
20 20
20 20
16 20
20 20
20 20
20 20
20 20
20 20
20 20
20 20
20 20
20 20
20 20
20 20
20 20
20 20
20 20
20 20
20 20
20 20
20 20
20 20
20 20
20 20
20 20
20 20
20 20
20 20
20 20
20 20
20 20
20 20
20 20
20 20
20 20
20 20
20 20
20 20
20 20
20 20
20 20
20 20
20 20
20 20
20 20
20 20
20 20
20 20
20 20
20 20
20 20
20 20
20 20
42 20
20 20
20 20
20 20
20 20
20 20
20 20
20 20
20 20
20 20
20 20
20 20
20 20
20 20
20 20
20 20
20 20
20 20
20 20
20 20
21 21
21 21
21 21
21 21
21 21
21 21
21 21
21 21
85 21
35 21
45 21
5 21
93 21
21 21
52 21
10 21
2 21
10 21
21 21
80 21
21 21
98 21
10 21
21 21
52 21
21 21
98 21
66 21
1 21
99 21
99 21
99 21
66 21
21 21
21 21
21 21
21 21
21 21
21 21
21 21
21 21
21 21
21 21
21 21
21 21
21 21
21 21
21 21
21 21
21 21
21 21
21 21
21 21
12 21
21 21
21 21
21 21
21 21
21 21
52 21
21 21
21 21
21 21
21 21
21 21
21 21
21 21
21 21
21 21
21 21
21 21
21 21
21 21
21 21
21 21
21 21
21 21
21 21
21 21
21 21
21 21
21 21
21 21
21 21
21 21
21 21
21 21
21 21
21 21
21 21
21 21
21 21
21 21
21 21
21 21
21 21
21 21
21 21
21 21
21 21
21 21
21 21
21 21
21 21
21 21
21 21
21 21
21 21
21 21
21 21
21 21
21 21
21 21
21 21
21 21
21 21
21 21
21 21
21 21
21 21
21 21
21 21
21 21
21 21
21 21
21 21
21 21
21 21
21 21
21 21
21 21
21 21
21 21
21 21
21 21
74 21
21 21
21 21
22 22
22 22
22 22
22 22
22 22
22 22
22 22
74 22
74 22
74 22
21 22
21 22
21 22
21 22
80 22
80 22
41 22
80 22
29 22
80 22
29 22
29 22
29 22
22 22
22 22
22 22
22 22
37 22
27 22
37 22
37 22
86 22
79 22
79 22
21 22
28 22
22 22
22 22
22 22
22 22
22 22
22 22
22 22
22 22
22 22
22 22
22 22
22 22
22 22
22 22
22 22
22 22
22 22
22 22
22 22
22 22
22 22
22 22
22 22
22 22
22 22
22 22
22 22
22 22
22 22
22 22
22 22
22 22
22 22
22 22
22 22
22 22
22 22
22 22
22 22
22 22
22 22
22 22
22 22
22 22
22 22
22 22
22 22
22 22
22 22
22 22
22 22
22 22
22 22
22 22
22 22
22 22
22 22
22 22
22 22
22 22
22 22
22 22
22 22
22 22
22 22
22 22
22 22
22 22
22 22
22 22
22 22
22 22
22 22
22 22
22 22
22 22
22 22
22 22
22 22
22 22
22 22
22 22
22 22
22 22
22 22
22 22
22 22
22 22
22 22
22 22
22 22
22 22
22 22
22 22
22 22
22 22
22 22
22 22
22 22
22 22
22 22
22 22
22 22
22 23
22 23
22 23
22 23
22 23
22 23
22 23
23 23
23 23
23 23
23 23
23 23
23 23
23 23
91 23
23 23
91 23
23 23
28 23
28 23
91 23
22 23
22 23
22 23
22 23
22 23
22 23
22 23
23 23
23 23
23 23
23 23
23 23
23 23
23 23
74 23
74 23
74 23
74 23
74 23
74 23
74 23
54 23
88 23
92 23
41 23
41 23
41 23
41 23
23 23
23 23
23 23
23 23
23 23
23 23
23 23
23 23
23 23
23 23
23 23
23 23
23 23
23 23
23 23
23 23
23 23
23 23
23 23
23 23
23 23
23 23
23 23
23 23
23 23
23 23
23 23
23 23
23 23
23 23
23 23
23 23
23 23
23 23
23 23
23 23
23 23
23 23
23 23
23 23
23 23
23 23
23 23
23 23
23 23
23 23
23 23
23 23
23 23
23 23
23 23
23 23
23 23
23 23
23 23
23 23
23 23
23 23
23 23
23 23
23 23
23 23
23 23
23 23
23 23
23 23
23 23
23 23
23 23
23 23
23 23
23 23
23 23
23 23
23 23
23 23
23 23
23 23
23 23
23 23
23 23
23 23
23 23
23 23
23 23
23 23
23 23
23 23
23 23
23 23
23 23
23 23
23 23
23 23
23 23
23 23
23 23
23 23
23 23
23 23
23 23
23 23
23 23
23 23
23 23
23 23
23 23
23 23
23 23
23 23
23 23
23 23
23 23
23 23
23 23
23 23
23 23
23 23
19 24
19 24
53 24
53 24
53 24
24 24
24 24
3 24
3 24
24 24
24 24
53 24
53 24
24 24
13 24
24 24
13 24
76 24
0 24
53 24
53 24
53 24
53 24
53 24
21 24
3 24
3 24
21 24
53 24
19 24
12 24
19 24
19 24
24 24
24 24
24 24
24 24
24 24
24 24
24 24
24 24
24 24
24 24
24 24
24 24
24 24
24 24
24 24
24 24
24 24
24 24
24 24
24 24
24 24
24 24
24 24
24 24
24 24
24 24
24 24
24 24
24 24
24 24
24 24
24 24
24 24
24 24
24 24
24 24
19 24
24 24
3 24
24 24
24 24
24 24
24 24
24 24
24 24
26 24
88 24
77 24
77 24
77 24
77 24
33 24
33 24
24 24
33 24
24 24
24 24
24 24
24 24
24 24
24 24
24 24
24 24
60 24
78 24
60 24
78 24
24 24
24 24
24 24
24 24
24 24
24 24
24 24
24 24
24 24
24 24
25 25
25 25
25 25
25 25
25 25
25 25
25 25
25 25
25 25
25 25
25 25
25 25
25 25
25 25
25 25
25 25
25 25
25 25
25 25
25 25
25 25
25 25
25 25
25 25
25 25
25 25
25 25
25 25
25 25
25 25
25 25
25 25
25 25
25 25
25 25
25 25
25 25
25 25
25 25
25 25
25 25
25 25
25 25
29 25
25 25
25 25
25 25
25 25
25 25
25 25
25 25
25 25
25 25
25 25
25 25
25 25
25 25
25 25
25 25
25 25
25 25
25 25
25 25
25 25
25 25
25 25
25 25
25 25
25 25
25 25
25 25
25 25
25 25
25 25
25 25
25 25
25 25
25 25
25 25
25 25
25 25
25 25
25 25
25 25
25 25
25 25
25 25
25 25
25 25
25 25
25 25
25 25
25 25
25 25
25 25
25 25
25 25
25 25
25 25
25 25
25 25
25 25
25 25
25 25
25 25
25 25
25 25
25 25
25 25
25 25
25 25
25 25
25 25
25 25
25 25
25 25
25 25
25 25
25 25
25 25
25 25
25 25
25 25
25 25
25 25
25 25
25 25
25 25
25 25
25 25
25 25
25 25
25 25
25 25
25 25
25 25
25 25
25 25
25 25
25 25
25 25
25 25
25 25
25 25
25 25
25 25
25 25
25 25
25 25
25 25
26 26
26 26
26 26
26 26
26 26
26 26
38 26
26 26
26 26
26 26
26 26
26 26
26 26
26 26
85 26
64 26
12 26
85 26
26 26
26 26
26 26
26 26
26 26
65 26
26 26
26 26
56 26
26 26
4 26
26 26
4 26
5 26
68 26
20 26
20 26
20 26
20 26
20 26
38 26
38 26
38 26
38 26
38 26
38 26
38 26
26 26
26 26
26 26
26 26
26 26
26 26
26 26
26 26
12 26
26 26
26 26
26 26
26 26
26 26
26 26
26 26
26 26
26 26
26 26
26 26
26 26
26 26
26 26
26 26
26 26
26 26
26 26
26 26
26 26
26 26
26 26
26 26
26 26
26 26
26 26
26 26
26 26
26 26
26 26
26 26
26 26
26 26
26 26
38 26
38 26
26 26
38 26
38 26
38 26
26 26
26 26
26 26
26 26
26 26
26 26
26 26
26 26
26 26
26 26
26 26
26 26
26 26
26 26
26 26
26 26
26 26
26 26
26 26
26 26
26 26
26 26
26 26
26 26
26 26
26 26
26 26
26 26
26 26
26 26
26 26
26 26
26 26
26 26
26 26
26 26
26 26
26 26
26 26
26 26
26 26
26 26
26 26
26 26
26 26
26 26
26 26
26 26
26 26
26 26
26 26
26 26
26 26
26 26
26 26
26 26
26 26
26 26
26 26
26 26
26 26
26 26
26 26
26 26
26 26
26 26
26 26
27 27
27 27
27 27
27 27
27 27
27 27
27 27
27 27
27 27
27 27
27 27
51 27
5 27
27 27
9 27
20 27
27 27
27 27
27 27
27 27
27 27
6 27
27 27
27 27
39 27
27 27
56 27
56 27
56 27
25 27
27 27
27 27
27 27
27 27
27 27
27 27
27 27
27 27
27 27
27 27
27 27
27 27
27 27
27 27
27 27
27 27
27 27
27 27
27 27
27 27
27 27
27 27
27 27
27 27
27 27
27 27
27 27
27 27
27 27
27 27
27 27
27 27
27 27
27 27
27 27
27 27
27 27
27 27
27 27
27 27
27 27
27 27
27 27
27 27
27 27
27 27
27 27
27 27
27 27
27 27
27 27
27 27
27 27
27 27
27 27
27 27
27 27
27 27
27 27
27 27
27 27
27 27
27 27
27 27
27 27
27 27
27 27
27 27
27 27
27 27
27 27
27 27
27 27
27 27
27 27
27 27
27 27
27 27
27 27
27 27
27 27
28 28
28 28
28 28
28 28
28 28
69 28
69 28
69 28
69 28
69 28
69 28
30 28
28 28
28 28
95 28
32 28
32 28
32 28
32 28
32 28
32 28
32 28
28 28
28 28
28 28
28 28
28 28
28 28
28 28
30 28
30 28
30 28
30 28
30 28
30 28
30 28
28 28
23 28
30 28
28 28
28 28
28 28
28 28
28 28
28 28
28 28
28 28
28 28
28 28
28 28
28 28
28 28
28 28
28 28
28 28
28 28
28 28
28 28
28 28
28 28
28 28
28 28
28 28
28 28
28 28
28 28
28 28
28 28
28 28
28 28
28 28
28 28
28 28
28 28
28 28
28 28
28 28
28 28
28 28
28 28
28 28
28 28
28 28
28 28
28 28
28 28
28 28
69 28
28 28
28 28
28 28
28 28
28 28
28 28
28 28
28 28
28 28
28 28
28 28
28 28
28 28
28 28
28 28
28 28
28 28
28 28
28 28
28 28
28 28
28 28
23 28
28 28
28 28
28 28
28 28
28 28
28 28
28 28
28 28
28 28
28 28
28 28
28 28
28 28
30 28
28 28
29 29
29 29
29 29
29 29
29 29
43 29
97 29
43 29
4 29
4 29
29 29
29 29
27 29
29 29
29 29
29 29
29 29
29 29
29 29
29 29
29 29
29 29
29 29
29 29
29 29
70 29
70 29
11 29
70 29
4 29
29 29
4 29
29 29
4 29
85 29
44 29
29 29
29 29
29 29
29 29
29 29
29 29
29 29
29 29
29 29
29 29
29 29
29 29
29 29
29 29
29 29
29 29
29 29
29 29
29 29
29 29
29 29
29 29
29 29
29 29
29 29
29 29
29 29
29 29
29 29
29 29
29 29
29 29
29 29
29 29
29 29
29 29
29 29
29 29
29 29
29 29
29 29
29 29
29 29
29 29
29 29
29 29
29 29
29 29
29 29
29 29
29 29
29 29
85 29
29 29
29 29
29 29
29 29
29 29
70 29
11 29
29 29
29 29
29 29
29 29
29 29
29 29
29 29
29 29
29 29
29 29
29 29
29 29
29 29
29 29
29 29
29 29
29 29
29 29
29 29
29 29
29 29
29 29
29 29
29 29
29 29
29 29
29 29
29 29
29 29
30 30
30 30
40 30
40 30
30 30
30 30
30 30
30 30
30 30
30 30
30 30
28 30
78 30
23 30
28 30
30 30
30 30
30 30
30 30
30 30
30 30
32 30
23 30
32 30
32 30
32 30
84 30
84 30
84 30
30 30
30 30
30 30
78 30
30 30
30 30
30 30
30 30
30 30
30 30
30 30
30 30
30 30
30 30
30 30
30 30
30 30
30 30
30 30
30 30
30 30
30 30
30 30
30 30
30 30
30 30
30 30
30 30
30 30
30 30
30 30
30 30
30 30
30 30
30 30
30 30
30 30
30 30
30 30
30 30
30 30
30 30
30 30
30 30
30 30
30 30
30 30
30 30
30 30
30 30
30 30
30 30
30 30
30 30
30 30
30 30
30 30
30 30
30 30
30 30
30 30
30 30
30 30
30 30
30 30
30 30
30 30
30 30
30 30
30 30
30 30
30 30
30 30
30 30
30 30
30 30
30 30
30 30
30 30
30 30
30 30
30 30
30 30
30 30
30 30
30 30
30 30
30 30
30 30
30 30
30 30
30 30
30 30
30 30
30 30
30 30
30 30
18 31
35 31
18 31
18 31
18 31
18 31
18 31
18 31
18 31
18 31
18 31
18 31
18 31
18 31
18 31
18 31
18 31
18 31
18 31
18 31
18 31
31 31
48 31
88 31
18 31
21 31
21 31
71 31
29 31
71 31
25 31
25 31
18 31
31 31
4 31
31 31
18 31
18 31
18 31
18 31
18 31
31 31
31 31
31 31
18 31
18 31
18 31
18 31
31 31
31 31
31 31
31 31
31 31
31 31
31 31
31 31
31 31
31 31
31 31
31 31
31 31
31 31
31 31
31 31
31 31
31 31
31 31
31 31
31 31
31 31
31 31
31 31
31 31
31 31
31 31
18 31
31 31
31 31
18 31
31 31
31 31
31 31
31 31
31 31
31 31
31 31
31 31
18 31
31 31
31 31
31 31
31 31
31 31
31 31
31 31
31 31
31 31
31 31
31 31
31 31
31 31
87 31
31 31
31 31
31 31
31 31
31 31
31 31
31 31
31 31
31 31
31 31
31 31
31 31
31 31
31 31
31 31
31 31
31 31
31 31
31 31
31 31
31 31
31 31
31 31
31 31
18 31
31 31
31 31
31 31
31 31
31 31
31 31
31 31
31 31
31 31
31 31
32 32
32 32
32 32
32 32
32 32
32 32
67 32
28 32
28 32
23 32
36 32
74 32
97 32
37 32
36 32
97 32
97 32
91 32
91 32
32 32
32 32
32 32
32 32
30 32
38 32
32 32
32 32
32 32
90 32
90 32
30 32
28 32
32 32
32 32
90 32
32 32
91 32
90 32
30 32
32 32
32 32
32 32
32 32
32 32
32 32
32 32
32 32
32 32
32 32
32 32
32 32
32 32
32 32
32 32
32 32
32 32
32 32
32 32
32 32
32 32
32 32
32 32
32 32
32 32
32 32
32 32
32 32
32 32
32 32
32 32
32 32
32 32
32 32
32 32
32 32
32 32
32 32
32 32
32 32
32 32
32 32
32 32
32 32
32 32
32 32
32 32
32 32
32 32
32 32
32 32
32 32
32 32
32 32
32 32
32 32
32 32
32 32
32 32
32 32
32 32
32 32
32 32
32 32
32 32
32 32
32 32
32 32
32 32
41 32
32 32
32 32
32 32
32 32
32 32
32 32
32 32
32 32
32 32
32 32
32 32
32 32
32 32
32 32
39 32
32 32
32 32
32 32
32 32
32 32
32 32
32 32
32 32
32 32
32 32
55 32
32 32
32 32
32 32
32 32
16 33
19 33
12 33
12 33
38 33
65 33
58 33
12 33
12 33
38 33
77 33
77 33
3 33
12 33
33 33
16 33
12 33
16 33
61 33
17 33
70 33
70 33
70 33
12 33
34 33
33 33
77 33
33 33
12 33
33 33
33 33
33 33
57 33
33 33
33 33
33 33
33 33
12 33
12 33
33 33
33 33
33 33
33 33
33 33
33 33
33 33
33 33
33 33
33 33
33 33
33 33
33 33
33 33
76 33
33 33
38 33
38 33
33 33
61 33
33 33
33 33
33 33
33 33
12 33
33 33
12 33
33 33
33 33
33 33
33 33
33 33
33 33
33 33
16 33
33 33
33 33
33 33
33 33
33 33
33 33
33 33
12 33
33 33
12 33
12 33
33 33
33 33
33 33
61 33
33 33
33 33
33 33
33 33
33 33
33 33
33 33
33 33
33 33
33 33
33 33
33 33
33 33
12 33
33 33
33 33
33 33
33 33
33 33
33 33
33 33
33 33
33 33
33 33
33 33
33 33
33 33
77 33
33 33
33 33
33 33
33 33
33 33
57 33
12 33
33 33
33 33
65 33
33 33
33 33
36 33
74 34
8 34
92 34
35 34
35 34
35 34
35 34
35 34
35 34
35 34
35 34
35 34
35 34
7 34
35 34
35 34
32 34
35 34
91 34
80 34
35 34
35 34
35 34
35 34
35 34
35 34
35 34
92 34
92 34
92 34
92 34
92 34
92 34
92 34
92 34
35 34
35 34
92 34
35 34
92 34
35 34
35 34
35 34
30 34
35 34
35 34
35 34
35 34
35 34
35 34
35 34
35 34
35 34
35 34
35 34
35 34
35 34
35 34
35 34
35 34
35 34
35 34
35 34
35 34
35 34
35 34
35 34
35 34
35 34
35 34
35 34
35 34
35 34
35 34
35 34
35 34
35 34
35 34
35 34
35 34
35 34
35 34
35 34
35 34
35 34
35 34
35 34
35 34
67 34
92 34
35 34
35 34
35 34
35 34
35 34
35 34
35 34
35 34
35 34
35 34
35 34
35 34
35 34
35 34
35 34
35 34
35 34
35 34
35 34
35 34
35 34
35 34
35 34
35 34
35 34
35 34
35 34
35 34
35 34
35 34
35 34
35 34
35 34
35 34
35 34
35 34
35 34
35 34
35 34
35 34
35 34
35 34
35 34
35 34
35 34
35 34
35 34
35 34
35 34
35 34
35 34
35 34
35 34
35 34
35 34
35 34
35 34
92 34
35 34
35 34
19 35
19 35
12 35
69 35
66 35
66 35
66 35
66 35
96 35
79 35
79 35
79 35
90 35
55 35
55 35
93 35
93 35
93 35
88 35
49 35
13 35
46 35
35 35
35 35
35 35
35 35
35 35
35 35
10 35
98 35
38 35
98 35
3 35
34 35
34 35
34 35
34 35
34 35
34 35
34 35
34 35
34 35
34 35
34 35
34 35
34 35
34 35
34 35
34 35
34 35
34 35
34 35
34 35
34 35
34 35
34 35
34 35
34 35
34 35
88 35
34 35
34 35
34 35
34 35
34 35
34 35
34 35
34 35
34 35
34 35
34 35
34 35
34 35
34 35
34 35
34 35
34 35
34 35
34 35
34 35
34 35
34 35
34 35
34 35
34 35
21 35
34 35
34 35
34 35
34 35
34 35
34 35
34 35
34 35
34 35
34 35
34 35
34 35
34 35
34 35
34 35
34 35
34 35
34 35
34 35
34 35
34 35
34 35
34 35
34 35
34 35
34 35
34 35
34 35
34 35
34 35
34 35
34 35
34 35
34 35
34 35
34 35
34 35
34 35
34 35
34 35
99 35
34 35
46 35
34 35
34 35
34 35
34 35
34 35
34 35
34 35
34 35
34 35
34 35
34 35
36 36
36 36
36 36
36 36
76 36
76 36
76 36
76 36
20 36
20 36
20 36
20 36
71 36
85 36
100 36
100 36
36 36
19 36
19 36
19 36
25 36
25 36
25 36
25 36
37 36
38 36
54 36
53 36
36 36
36 36
36 36
36 36
36 36
36 36
36 36
36 36
36 36
36 36
36 36
36 36
36 36
36 36
36 36
36 36
36 36
36 36
36 36
36 36
36 36
36 36
36 36
36 36
36 36
36 36
36 36
36 36
36 36
36 36
36 36
36 36
36 36
36 36
36 36
36 36
36 36
36 36
36 36
36 36
36 36
36 36
36 36
36 36
36 36
36 36
36 36
36 36
36 36
36 36
36 36
36 36
36 36
36 36
36 36
36 36
36 36
36 36
36 36
36 36
36 36
36 36
36 36
36 36
36 36
36 36
36 36
36 36
36 36
36 36
36 36
36 36
36 36
36 36
36 36
36 36
36 36
36 36
36 36
36 36
36 36
36 36
36 36
36 36
36 36
36 36
36 36
36 36
36 36
36 36
36 36
36 36
36 36
36 36
36 36
36 36
36 36
36 36
36 36
36 36
36 37
3 37
59 37
54 37
45 37
56 37
56 37
45 37
69 37
36 37
51 37
3 37
28 37
28 37
32 37
32 37
28 37
37 37
33 37
92 37
92 37
92 37
28 37
22 37
58 37
58 37
58 37
57 37
5 37
5 37
5 37
5 37
5 37
5 37
37 37
37 37
37 37
37 37
37 37
37 37
37 37
37 37
37 37
37 37
37 37
15 37
37 37
37 37
37 37
37 37
37 37
37 37
37 37
37 37
37 37
37 37
37 37
37 37
37 37
37 37
37 37
37 37
37 37
37 37
37 37
37 37
37 37
37 37
37 37
37 37
3 37
54 37
3 37
54 37
37 37
37 37
37 37
37 37
37 37
37 37
37 37
37 37
37 37
37 37
37 37
37 37
37 37
37 37
37 37
37 37
37 37
37 37
37 37
37 37
37 37
37 37
37 37
37 37
37 37
37 37
3 37
37 37
37 37
37 37
37 37
37 37
37 37
37 37
37 37
37 37
37 37
38 38
38 38
93 38
38 38
93 38
12 38
58 38
74 38
74 38
65 38
16 38
74 38
1 38
12 38
12 38
12 38
12 38
12 38
38 38
45 38
38 38
38 38
38 38
99 38
38 38
38 38
38 38
38 38
38 38
79 38
54 38
12 38
2 38
54 38
54 38
12 38
33 38
33 38
33 38
33 38
33 38
38 38
38 38
38 38
73 38
38 38
38 38
16 38
38 38
38 38
38 38
38 38
38 38
38 38
38 38
38 38
38 38
38 38
38 38
38 38
38 38
38 38
38 38
38 38
38 38
38 38
38 38
38 38
38 38
38 38
38 38
38 38
38 38
38 38
38 38
38 38
38 38
38 38
38 38
38 38
38 38
38 38
38 38
38 38
38 38
38 38
38 38
38 38
38 38
38 38
38 38
38 38
38 38
38 38
38 38
38 38
38 38
38 38
38 38
38 38
38 38
38 38
38 38
38 38
38 38
74 38
19 38
12 38
38 38
38 38
38 38
38 38
38 38
38 38
38 38
38 38
38 38
38 38
38 38
38 38
38 38
38 38
38 38
38 38
38 38
38 38
38 38
38 38
38 38
38 38
38 38
38 38
38 38
38 38
38 38
38 38
38 38
38 38
38 38
38 38
38 38
12 38
38 38
38 38
38 38
38 38
38 38
86 39
86 39
5 39
29 39
5 39
29 39
44 39
44 39
50 39
44 39
44 39
44 39
44 39
47 39
92 39
44 39
50 39
44 39
8 39
44 39
44 39
44 39
39 39
39 39
44 39
8 39
67 39
88 39
44 39
44 39
39 39
39 39
67 39
39 39
67 39
39 39
39 39
39 39
39 39
39 39
39 39
39 39
39 39
39 39
39 39
67 39
39 39
39 39
39 39
39 39
39 39
39 39
39 39
39 39
39 39
39 39
39 39
39 39
39 39
44 39
39 39
39 39
39 39
39 39
39 39
39 39
39 39
6 39
39 39
39 39
39 39
39 39
39 39
39 39
39 39
39 39
39 39
39 39
39 39
39 39
39 39
39 39
39 39
39 39
39 39
39 39
39 39
39 39
39 39
39 39
39 39
39 39
39 39
39 39
39 39
39 39
39 39
39 39
39 39
39 39
39 39
39 39
39 39
39 39
39 39
39 39
39 39
39 39
39 39
39 39
39 39
39 39
39 39
39 39
39 39
39 39
39 39
39 39
39 39
39 39
39 39
39 39
39 39
40 40
40 40
40 40
40 40
40 40
40 40
74 40
74 40
40 40
40 40
40 40
40 40
40 40
40 40
30 40
30 40
10 40
30 40
40 40
40 40
40 40
40 40
40 40
40 40
30 40
23 40
78 40
30 40
30 40
39 40
27 40
39 40
40 40
4 40
40 40
40 40
40 40
40 40
40 40
40 40
40 40
40 40
40 40
40 40
40 40
40 40
40 40
40 40
40 40
40 40
40 40
40 40
40 40
40 40
40 40
40 40
40 40
40 40
40 40
40 40
40 40
40 40
40 40
40 40
40 40
40 40
40 40
40 40
40 40
40 40
40 40
40 40
40 40
40 40
40 40
40 40
40 40
40 40
40 40
40 40
40 40
40 40
40 40
40 40
40 40
40 40
40 40
40 40
40 40
40 40
40 40
40 40
40 40
40 40
40 40
40 40
40 40
40 40
40 40
40 40
40 40
40 40
40 40
40 40
40 40
40 40
40 40
40 40
40 40
30 40
30 40
40 40
40 40
40 40
40 40
40 40
40 40
40 40
40 40
40 40
40 40
40 40
40 40
40 40
35 41
75 41
41 41
10 41
41 41
81 41
41 41
41 41
41 41
41 41
41 41
41 41
41 41
41 41
41 41
41 41
41 41
41 41
41 41
41 41
41 41
41 41
41 41
35 41
32 41
41 41
41 41
41 41
41 41
41 41
41 41
41 41
41 41
41 41
41 41
10 41
41 41
41 41
41 41
41 41
10 41
41 41
41 41
41 41
41 41
41 41
41 41
41 41
41 41
41 41
41 41
41 41
41 41
41 41
41 41
41 41
41 41
41 41
41 41
41 41
41 41
30 41
41 41
41 41
41 41
41 41
41 41
41 41
41 41
41 41
41 41
41 41
41 41
41 41
41 41
41 41
41 41
41 41
41 41
41 41
41 41
41 41
41 41
41 41
41 41
41 41
41 41
41 41
41 41
41 41
41 41
41 41
41 41
41 41
41 41
41 41
41 41
41 41
41 41
41 41
41 41
41 41
41 41
41 41
41 41
41 41
41 41
41 41
41 41
41 41
41 41
41 41
92 41
41 41
41 41
41 41
30 41
41 41
41 41
41 41
41 41
41 41
41 41
41 41
41 41
41 41
41 41
41 41
41 41
41 41
41 41
41 41
41 41
7 41
41 41
41 41
41 41
41 41
41 41
41 41
41 41
41 41
41 41
41 41
41 41
41 41
41 41
41 41
41 41
41 41
41 41
41 41
41 41
41 41
41 41
41 41
41 41
41 41
41 41
41 41
41 41
41 41
41 41
41 41
51 42
20 42
20 42
20 42
57 42
20 42
51 42
42 42
42 42
42 42
42 42
92 42
92 42
67 42
92 42
2 42
5 42
5 42
5 42
52 42
52 42
59 42
45 42
45 42
83 42
85 42
95 42
85 42
95 42
42 42
42 42
42 42
83 42
42 42
42 42
42 42
42 42
42 42
42 42
42 42
42 42
42 42
42 42
42 42
42 42
42 42
42 42
42 42
83 42
42 42
42 42
42 42
42 42
83 42
42 42
42 42
42 42
83 42
42 42
42 42
42 42
42 42
42 42
42 42
42 42
54 42
54 42
42 42
42 42
42 42
42 42
42 42
42 42
98 42
42 42
42 42
42 42
42 42
42 42
42 42
42 42
42 42
42 42
42 42
42 42
42 42
42 42
42 42
42 42
42 42
42 42
47 42
42 42
42 42
42 42
42 42
42 42
42 42
42 42
42 42
42 42
42 42
58 42
42 42
42 42
42 42
42 42
42 42
42 42
42 42
42 42
42 42
42 42
42 42
42 42
42 42
51 42
51 42
42 42
42 42
42 42
42 42
42 42
42 42
42 42
43 43
43 43
43 43
43 43
43 43
43 43
43 43
43 43
43 43
43 43
43 43
43 43
43 43
43 43
43 43
43 43
43 43
43 43
43 43
43 43
78 43
78 43
78 43
78 43
80 43
78 43
78 43
43 43
80 43
43 43
43 43
43 43
43 43
43 43
43 43
43 43
43 43
43 43
43 43
43 43
43 43
43 43
43 43
43 43
43 43
43 43
43 43
43 43
43 43
43 43
43 43
43 43
43 43
43 43
43 43
43 43
43 43
43 43
43 43
43 43
43 43
43 43
43 43
43 43
43 43
43 43
43 43
43 43
43 43
43 43
43 43
43 43
43 43
43 43
43 43
43 43
43 43
43 43
43 43
43 43
43 43
43 43
43 43
43 43
43 43
43 43
43 43
43 43
43 43
43 43
43 43
43 43
43 43
43 43
43 43
43 43
43 43
43 43
43 43
43 43
43 43
43 43
43 43
43 43
43 43
43 43
43 43
43 43
43 43
43 43
43 43
43 43
43 43
43 43
43 43
43 43
43 43
43 43
43 43
43 43
43 43
43 43
43 43
43 43
43 43
43 43
43 43
43 43
43 43
43 43
43 43
43 43
43 43
43 43
43 43
43 43
43 43
43 43
43 43
43 43
43 43
43 43
43 43
43 43
43 43
43 43
43 43
43 43
43 43
43 43
43 43
43 43
43 43
43 43
43 43
43 43
43 43
43 43
44 44
44 44
67 44
44 44
30 44
30 44
44 44
78 44
50 44
44 44
44 44
67 44
39 44
39 44
39 44
39 44
44 44
44 44
44 44
44 44
44 44
44 44
78 44
78 44
44 44
44 44
90 44
71 44
71 44
71 44
71 44
44 44
44 44
44 44
44 44
44 44
44 44
44 44
44 44
44 44
44 44
44 44
44 44
44 44
44 44
44 44
44 44
44 44
44 44
44 44
8 44
44 44
44 44
44 44
44 44
44 44
44 44
44 44
44 44
44 44
44 44
44 44
44 44
44 44
44 44
44 44
44 44
44 44
44 44
44 44
44 44
44 44
44 44
44 44
44 44
44 44
44 44
44 44
44 44
35 44
44 44
44 44
44 44
44 44
44 44
44 44
44 44
44 44
44 44
44 44
44 44
44 44
44 44
44 44
44 44
44 44
44 44
44 44
44 44
44 44
44 44
44 44
44 44
44 44
44 44
44 44
44 44
44 44
8 44
44 44
44 44
44 44
44 44
44 44
44 44
88 44
44 44
30 45
30 45
30 45
30 45
19 45
16 45
19 45
19 45
16 45
16 45
16 45
16 45
45 45
77 45
77 45
45 45
77 45
74 45
74 45
74 45
74 45
74 45
54 45
54 45
54 45
54 45
54 45
73 45
73 45
73 45
73 45
73 45
73 45
45 45
45 45
45 45
45 45
45 45
45 45
45 45
45 45
45 45
45 45
45 45
45 45
45 45
45 45
45 45
45 45
45 45
45 45
45 45
45 45
45 45
45 45
45 45
45 45
45 45
45 45
45 45
45 45
45 45
45 45
45 45
45 45
45 45
45 45
45 45
45 45
45 45
45 45
45 45
45 45
45 45
45 45
45 45
45 45
45 45
45 45
45 45
45 45
45 45
45 45
45 45
45 45
45 45
45 45
61 45
45 45
45 45
45 45
45 45
45 45
45 45
45 45
45 45
45 45
90 45
45 45
45 45
45 45
45 45
45 45
45 45
45 45
45 45
45 45
45 45
45 45
69 45
45 45
45 45
45 45
45 45
45 45
57 45
45 45
45 45
45 45
45 45
45 45
74 46
74 46
74 46
89 46
52 46
52 46
52 46
52 46
52 46
52 46
52 46
96 46
96 46
96 46
96 46
97 46
97 46
97 46
97 46
97 46
97 46
97 46
83 46
76 46
76 46
74 46
74 46
69 46
69 46
22 46
22 46
46 46
23 46
27 46
42 46
23 46
27 46
27 46
47 46
47 46
47 46
47 46
47 46
47 46
47 46
47 46
47 46
47 46
47 46
47 46
47 46
47 46
47 46
47 46
47 46
47 46
47 46
47 46
47 46
47 46
47 46
47 46
47 46
47 46
47 46
51 46
51 46
47 46
47 46
23 46
47 46
47 46
47 46
47 46
47 46
47 46
47 46
47 46
47 46
47 46
47 46
47 46
47 46
47 46
47 46
47 46
47 46
47 46
47 46
47 46
47 46
47 46
47 46
47 46
47 46
47 46
47 46
47 46
47 46
47 46
47 46
47 46
47 46
47 46
47 46
47 46
47 46
47 46
47 46
47 46
47 46
47 46
47 46
47 46
47 46
47 46
47 46
47 46
47 46
47 46
47 46
47 46
47 46
47 46
47 46
47 46
47 46
47 46
47 46
47 46
47 46
47 46
47 46
47 46
47 46
47 46
47 46
47 46
47 46
47 46
47 46
47 46
47 46
47 46
46 47
46 47
46 47
46 47
46 47
46 47
46 47
83 47
83 47
83 47
83 47
70 47
45 47
45 47
45 47
47 47
47 47
47 47
47 47
74 47
74 47
74 47
74 47
74 47
74 47
46 47
46 47
46 47
46 47
46 47
46 47
46 47
100 47
46 47
100 47
100 47
100 47
46 47
46 47
46 47
46 47
46 47
46 47
46 47
46 47
46 47
46 47
46 47
46 47
46 47
46 47
46 47
46 47
46 47
46 47
46 47
46 47
46 47
46 47
46 47
46 47
46 47
46 47
46 47
46 47
46 47
46 47
46 47
46 47
46 47
46 47
46 47
46 47
46 47
46 47
46 47
46 47
46 47
46 47
46 47
46 47
46 47
46 47
46 47
46 47
46 47
46 47
93 47
46 47
46 47
46 47
46 47
46 47
46 47
46 47
46 47
46 47
46 47
46 47
46 47
46 47
46 47
46 47
46 47
46 47
46 47
46 47
46 47
46 47
46 47
46 47
46 47
46 47
46 47
46 47
46 47
46 47
46 47
46 47
46 47
46 47
46 47
46 47
48 48
48 48
48 48
48 48
48 48
21 48
34 48
34 48
79 48
73 48
41 48
80 48
80 48
41 48
48 48
48 48
48 48
48 48
26 48
10 48
5 48
72 48
48 48
72 48
21 48
72 48
72 48
72 48
72 48
72 48
72 48
72 48
48 48
48 48
48 48
48 48
48 48
48 48
48 48
48 48
48 48
48 48
48 48
72 48
48 48
72 48
48 48
48 48
3 48
48 48
48 48
48 48
48 48
48 48
48 48
48 48
48 48
48 48
48 48
48 48
48 48
48 48
48 48
48 48
72 48
48 48
72 48
88 48
48 48
48 48
48 48
48 48
48 48
48 48
48 48
48 48
48 48
48 48
48 48
48 48
80 48
80 48
48 48
48 48
48 48
48 48
48 48
48 48
48 48
48 48
48 48
48 48
48 48
48 48
48 48
48 48
48 48
48 48
48 48
48 48
48 48
48 48
48 48
48 48
48 48
48 48
48 48
48 48
48 48
48 48
48 48
48 48
48 48
48 48
48 48
72 48
48 48
48 48
48 48
48 48
48 48
48 48
48 48
48 48
48 48
48 48
48 48
48 48
48 48
48 48
48 48
48 48
48 48
48 48
48 48
48 48
48 48
72 48
72 48
72 48
48 48
15 49
49 49
49 49
49 49
49 49
49 49
49 49
49 49
49 49
77 49
49 49
66 49
49 49
66 49
12 49
49 49
49 49
12 49
12 49
49 49
49 49
49 49
49 49
49 49
49 49
77 49
12 49
77 49
77 49
38 49
38 49
38 49
38 49
38 49
49 49
70 49
70 49
49 49
49 49
49 49
49 49
49 49
49 49
49 49
49 49
49 49
49 49
49 49
49 49
49 49
49 49
49 49
49 49
49 49
49 49
49 49
49 49
49 49
49 49
49 49
49 49
49 49
49 49
49 49
49 49
49 49
49 49
49 49
49 49
49 49
49 49
49 49
49 49
49 49
49 49
49 49
49 49
49 49
49 49
49 49
49 49
49 49
49 49
49 49
49 49
49 49
49 49
49 49
49 49
49 49
49 49
49 49
49 49
49 49
49 49
49 49
55 49
49 49
49 49
66 49
49 49
49 49
49 49
49 49
49 49
49 49
49 49
66 49
49 49
49 49
49 49
49 49
49 49
49 49
49 49
49 49
49 49
49 49
49 49
49 49
49 49
49 49
49 49
50 50
50 50
50 50
50 50
50 50
50 50
50 50
92 50
35 50
30 50
30 50
92 50
5 50
5 50
5 50
51 50
15 50
15 50
23 50
50 50
50 50
50 50
23 50
50 50
22 50
5 50
5 50
5 50
5 50
5 50
35 50
92 50
78 50
78 50
50 50
50 50
37 50
50 50
37 50
50 50
50 50
50 50
50 50
50 50
50 50
50 50
50 50
50 50
50 50
50 50
50 50
35 50
50 50
50 50
50 50
50 50
50 50
50 50
50 50
50 50
50 50
50 50
50 50
50 50
50 50
50 50
50 50
50 50
50 50
50 50
50 50
50 50
50 50
50 50
50 50
50 50
50 50
50 50
50 50
50 50
50 50
50 50
50 50
50 50
50 50
50 50
50 50
50 50
50 50
50 50
50 50
50 50
50 50
50 50
50 50
50 50
50 50
50 50
50 50
50 50
50 50
50 50
50 50
50 50
50 50
50 50
50 50
50 50
50 50
50 50
50 50
50 50
50 50
50 50
50 50
50 50
50 50
50 50
50 50
50 50
50 50
50 50
50 50
50 50
50 50
50 50
50 50
50 50
50 50
50 50
50 50
15 51
88 51
54 51
88 51
96 51
5 51
51 51
51 51
51 51
51 51
51 51
51 51
51 51
51 51
51 51
10 51
10 51
51 51
51 51
88 51
35 51
92 51
100 51
100 51
44 51
100 51
100 51
44 51
44 51
98 51
79 51
79 51
79 51
93 51
93 51
79 51
93 51
51 51
51 51
51 51
51 51
51 51
51 51
51 51
51 51
51 51
51 51
51 51
51 51
51 51
51 51
51 51
51 51
51 51
51 51
51 51
51 51
51 51
92 51
32 51
32 51
51 51
83 51
51 51
51 51
51 51
51 51
51 51
51 51
51 51
51 51
51 51
51 51
51 51
51 51
51 51
51 51
51 51
51 51
51 51
51 51
51 51
92 51
51 51
51 51
47 51
47 51
51 51
51 51
51 51
51 51
51 51
51 51
51 51
51 51
51 51
51 51
51 51
51 51
51 51
51 51
51 51
51 51
51 51
51 51
51 51
51 51
51 51
51 51
51 51
51 51
51 51
51 51
51 51
51 51
51 51
51 51
51 51
51 51
51 51
51 51
51 51
51 51
51 51
51 51
51 51
51 51
5 52
52 52
5 52
5 52
52 52
79 52
5 52
52 52
52 52
52 52
52 52
35 52
52 52
52 52
52 52
5 52
5 52
52 52
52 52
86 52
2 52
88 52
52 52
52 52
5 52
5 52
5 52
52 52
52 52
52 52
52 52
52 52
52 52
52 52
52 52
52 52
52 52
52 52
52 52
52 52
52 52
52 52
52 52
52 52
52 52
52 52
52 52
52 52
52 52
52 52
52 52
52 52
52 52
52 52
52 52
52 52
52 52
52 52
52 52
52 52
52 52
52 52
52 52
52 52
52 52
52 52
52 52
52 52
52 52
52 52
52 52
52 52
52 52
52 52
52 52
52 52
52 52
52 52
52 52
52 52
52 52
52 52
52 52
52 52
52 52
52 52
52 52
52 52
52 52
52 52
52 52
52 52
52 52
52 52
52 52
52 52
52 52
52 52
52 52
52 52
52 52
52 52
52 52
52 52
52 52
52 52
52 52
52 52
52 52
52 52
52 52
52 52
52 52
52 52
52 52
52 52
52 52
57 52
52 52
52 52
52 52
52 52
52 52
52 52
52 52
0 53
33 53
33 53
33 53
33 53
33 53
1 53
70 53
70 53
54 53
54 53
54 53
53 53
72 53
53 53
77 53
53 53
72 53
3 53
3 53
3 53
16 53
33 53
33 53
3 53
3 53
97 53
19 53
54 53
13 53
19 53
54 53
76 53
76 53
57 53
54 53
57 53
57 53
42 53
42 53
33 53
33 53
38 53
33 53
57 53
53 53
53 53
38 53
53 53
38 53
53 53
53 53
53 53
53 53
53 53
53 53
53 53
53 53
53 53
53 53
53 53
53 53
53 53
53 53
53 53
53 53
53 53
53 53
53 53
53 53
53 53
53 53
53 53
53 53
53 53
53 53
53 53
53 53
53 53
13 53
57 53
13 53
53 53
53 53
53 53
53 53
53 53
53 53
53 53
53 53
53 53
53 53
53 53
53 53
53 53
53 53
53 53
53 53
53 53
53 53
53 53
53 53
41 53
33 53
53 53
53 53
53 53
53 53
53 53
53 53
53 53
53 53
53 53
53 53
53 53
53 53
17 53
53 53
53 53
53 53
53 53
53 53
53 53
53 53
53 53
53 53
53 53
53 53
53 53
53 53
53 53
53 53
53 53
53 53
53 53
53 53
54 54
54 54
3 54
3 54
35 54
35 54
35 54
56 54
16 54
16 54
41 54
54 54
20 54
47 54
3 54
54 54
51 54
51 54
54 54
1 54
83 54
90 54
83 54
83 54
21 54
54 54
2 54
54 54
54 54
69 54
69 54
69 54
69 54
19 54
54 54
54 54
54 54
54 54
54 54
54 54
54 54
54 54
54 54
54 54
42 54
54 54
54 54
54 54
54 54
54 54
54 54
54 54
54 54
54 54
54 54
54 54
54 54
16 54
54 54
54 54
54 54
54 54
54 54
54 54
54 54
54 54
37 54
54 54
54 54
54 54
54 54
54 54
54 54
54 54
76 54
54 54
54 54
54 54
54 54
54 54
54 54
54 54
54 54
54 54
54 54
54 54
16 54
54 54
54 54
47 54
54 54
54 54
54 54
15 54
59 54
74 54
54 54
54 54
54 54
54 54
54 54
54 54
54 54
54 54
54 54
54 54
54 54
54 54
54 54
54 54
93 55
64 55
93 55
93 55
14 55
14 55
88 55
92 55
50 55
92 55
2 55
2 55
41 55
78 55
2 55
32 55
28 55
46 55
46 55
46 55
46 55
46 55
46 55
88 55
88 55
69 55
56 55
76 55
47 55
42 55
42 55
90 55
90 55
90 55
90 55
55 55
55 55
55 55
55 55
55 55
55 55
55 55
55 55
55 55
55 55
55 55
55 55
55 55
55 55
55 55
55 55
55 55
55 55
55 55
55 55
55 55
55 55
55 55
55 55
55 55
55 55
55 55
55 55
55 55
55 55
55 55
55 55
46 55
55 55
55 55
55 55
55 55
55 55
55 55
55 55
55 55
55 55
55 55
55 55
55 55
55 55
55 55
28 55
55 55
55 55
55 55
55 55
55 55
55 55
55 55
55 55
55 55
55 55
55 55
55 55
55 55
55 55
55 55
55 55
55 55
55 55
55 55
55 55
55 55
55 55
55 55
55 55
55 55
55 55
55 55
55 55
55 55
55 55
55 55
55 55
55 55
55 55
55 55
55 55
55 55
55 55
55 55
55 55
55 55
55 55
55 55
55 55
55 55
55 55
55 55
55 55
55 55
95 56
56 56
56 56
56 56
4 56
56 56
20 56
4 56
56 56
56 56
56 56
56 56
56 56
56 56
56 56
56 56
56 56
4 56
56 56
56 56
56 56
56 56
56 56
56 56
4 56
56 56
56 56
56 56
56 56
56 56
56 56
56 56
56 56
56 56
56 56
56 56
56 56
56 56
56 56
56 56
56 56
56 56
56 56
56 56
56 56
56 56
56 56
56 56
56 56
8 56
56 56
56 56
56 56
56 56
56 56
56 56
56 56
56 56
56 56
56 56
56 56
56 56
56 56
56 56
56 56
56 56
56 56
56 56
56 56
56 56
56 56
56 56
56 56
56 56
95 56
56 56
56 56
56 56
56 56
56 56
56 56
56 56
95 56
56 56
56 56
57 56
56 56
56 56
56 56
56 56
56 56
56 56
56 56
56 56
56 56
56 56
56 56
56 56
85 56
56 56
56 56
56 56
56 56
95 56
56 56
56 56
56 56
21 56
56 56
56 56
56 56
56 56
56 56
68 56
13 57
13 57
57 57
57 57
17 57
17 57
73 57
17 57
33 57
17 57
17 57
17 57
17 57
5 57
88 57
57 57
5 57
5 57
10 57
10 57
26 57
26 57
26 57
20 57
79 57
12 57
12 57
12 57
79 57
54 57
74 57
5 57
5 57
5 57
5 57
57 57
5 57
57 57
33 57
57 57
77 57
57 57
57 57
57 57
57 57
57 57
57 57
57 57
57 57
57 57
57 57
57 57
57 57
57 57
57 57
57 57
57 57
57 57
45 57
57 57
57 57
57 57
12 57
12 57
98 57
12 57
57 57
26 57
57 57
5 57
57 57
57 57
57 57
57 57
57 57
57 57
57 57
57 57
57 57
57 57
57 57
57 57
66 57
57 57
57 57
57 57
57 57
57 57
57 57
57 57
57 57
98 57
57 57
57 57
57 57
57 57
57 57
57 57
57 57
57 57
57 57
57 57
57 57
57 57
57 57
57 57
57 57
57 57
57 57
57 57
57 57
45 57
57 57
51 58
51 58
51 58
51 58
51 58
51 58
51 58
4 58
4 58
4 58
57 58
85 58
4 58
4 58
26 58
98 58
26 58
26 58
42 58
59 58
59 58
57 58
57 58
57 58
57 58
97 58
54 58
54 58
76 58
76 58
76 58
97 58
66 58
66 58
66 58
66 58
66 58
66 58
66 58
100 58
100 58
100 58
100 58
100 58
58 58
58 58
58 58
58 58
58 58
58 58
58 58
58 58
58 58
58 58
58 58
58 58
58 58
58 58
58 58
58 58
58 58
58 58
58 58
58 58
58 58
58 58
58 58
58 58
58 58
58 58
58 58
58 58
58 58
58 58
58 58
58 58
58 58
58 58
58 58
58 58
58 58
58 58
58 58
58 58
58 58
58 58
58 58
58 58
34 58
58 58
58 58
58 58
58 58
58 58
58 58
58 58
58 58
58 58
58 58
58 58
58 58
58 58
58 58
58 58
58 58
58 58
58 58
58 58
58 58
58 58
58 58
58 58
58 58
58 58
58 58
58 58
58 58
58 58
58 58
58 58
58 58
58 58
58 58
58 58
58 58
58 58
58 58
58 58
58 58
58 58
58 58
58 58
58 58
58 58
58 58
58 58
58 58
58 58
58 58
58 58
58 58
58 58
58 58
58 58
58 58
58 58
58 58
58 58
58 58
58 58
58 58
58 58
58 58
58 58
58 58
58 58
58 58
58 58
58 58
58 58
58 58
58 58
58 58
58 58
14 59
46 59
65 59
14 59
61 59
61 59
61 59
61 59
61 59
61 59
61 59
64 59
64 59
65 59
64 59
12 59
12 59
19 59
0 59
12 59
12 59
12 59
98 59
98 59
98 59
98 59
98 59
98 59
98 59
98 59
98 59
98 59
98 59
21 59
98 59
98 59
9 59
9 59
9 59
9 59
9 59
59 59
59 59
59 59
59 59
59 59
59 59
59 59
59 59
98 59
59 59
59 59
98 59
59 59
59 59
59 59
59 59
59 59
59 59
59 59
59 59
59 59
59 59
59 59
59 59
59 59
59 59
59 59
59 59
59 59
59 59
59 59
59 59
59 59
59 59
59 59
59 59
59 59
59 59
59 59
59 59
59 59
59 59
59 59
59 59
59 59
59 59
59 59
59 59
59 59
59 59
59 59
59 59
59 59
59 59
61 59
59 59
59 59
59 59
59 59
59 59
59 59
59 59
59 59
59 59
59 59
59 59
59 59
59 59
59 59
59 59
59 59
59 59
59 59
59 59
57 59
57 59
59 59
59 59
59 59
59 59
59 59
59 59
59 59
59 59
59 59
59 59
59 59
59 59
59 59
59 59
59 59
59 59
59 59
59 59
59 59
59 59
59 59
59 59
59 59
59 59
59 59
59 59
59 59
59 59
59 59
59 59
59 59
59 59
59 59
59 59
94 60
57 60
57 60
57 60
57 60
57 60
57 60
63 60
63 60
63 60
63 60
65 60
65 60
63 60
45 60
45 60
45 60
45 60
45 60
45 60
45 60
20 60
65 60
65 60
65 60
20 60
20 60
65 60
42 60
58 60
42 60
58 60
42 60
42 60
42 60
12 60
12 60
12 60
12 60
12 60
12 60
12 60
12 60
89 60
89 60
89 60
30 60
30 60
89 60
60 60
60 60
60 60
60 60
60 60
60 60
60 60
60 60
60 60
60 60
60 60
60 60
60 60
60 60
60 60
60 60
60 60
60 60
60 60
60 60
60 60
60 60
60 60
60 60
60 60
60 60
60 60
60 60
60 60
60 60
60 60
60 60
60 60
60 60
60 60
60 60
60 60
60 60
60 60
60 60
60 60
60 60
60 60
60 60
60 60
60 60
60 60
60 60
60 60
60 60
60 60
60 60
60 60
60 60
60 60
60 60
60 60
60 60
60 60
60 60
60 60
60 60
60 60
60 60
60 60
60 60
60 60
60 60
60 60
60 60
60 60
60 60
60 60
60 60
60 60
60 60
60 60
60 60
60 60
60 60
60 60
60 60
60 60
60 60
60 60
60 60
60 60
60 60
60 60
60 60
60 60
60 60
60 60
60 60
60 60
60 60
60 60
60 60
60 60
60 60
60 60
60 60
60 60
60 60
60 60
60 60
60 60
60 60
60 60
60 60
60 60
60 60
60 60
60 60
60 60
58 61
58 61
58 61
58 61
58 61
58 61
58 61
66 61
66 61
66 61
66 61
66 61
66 61
66 61
55 61
61 61
61 61
61 61
61 61
61 61
61 61
55 61
76 61
100 61
76 61
76 61
76 61
76 61
14 61
16 61
16 61
16 61
16 61
16 61
16 61
66 61
63 61
63 61
66 61
66 61
85 61
26 61
26 61
26 61
26 61
26 61
26 61
26 61
61 61
61 61
61 61
61 61
61 61
61 61
61 61
61 61
61 61
61 61
61 61
61 61
61 61
61 61
61 61
61 61
61 61
61 61
61 61
61 61
61 61
61 61
61 61
61 61
61 61
61 61
61 61
61 61
61 61
61 61
61 61
61 61
61 61
61 61
61 61
61 61
61 61
61 61
61 61
61 61
61 61
61 61
61 61
61 61
61 61
61 61
61 61
61 61
61 61
61 61
61 61
61 61
61 61
61 61
61 61
61 61
61 61
61 61
61 61
61 61
61 61
61 61
76 61
88 61
61 61
74 61
61 61
61 61
61 61
61 61
61 61
61 61
61 61
66 61
61 61
38 61
61 61
38 61
61 61
61 61
61 61
61 61
61 61
61 61
61 61
61 61
61 61
61 61
61 61
61 61
61 61
61 61
61 61
61 61
61 61
61 61
61 61
61 61
61 61
61 61
61 61
61 61
61 61
61 61
61 61
45 61
61 61
58 62
62 62
62 62
12 62
58 62
98 62
61 62
26 62
61 62
61 62
60 62
36 62
60 62
33 62
36 62
36 62
36 62
14 62
61 62
14 62
57 62
20 62
20 62
20 62
65 62
65 62
65 62
65 62
64 62
26 62
26 62
26 62
26 62
26 62
62 62
62 62
38 62
38 62
38 62
38 62
38 62
38 62
38 62
62 62
62 62
62 62
62 62
62 62
62 62
62 62
62 62
62 62
62 62
62 62
62 62
62 62
62 62
62 62
62 62
62 62
62 62
62 62
62 62
62 62
62 62
62 62
62 62
62 62
62 62
62 62
62 62
62 62
62 62
62 62
62 62
62 62
62 62
62 62
62 62
62 62
62 62
62 62
62 62
62 62
62 62
62 62
62 62
62 62
62 62
62 62
62 62
86 62
86 62
62 62
62 62
86 62
62 62
62 62
62 62
62 62
62 62
62 62
62 62
62 62
62 62
62 62
62 62
62 62
62 62
62 62
62 62
62 62
62 62
62 62
62 62
62 62
62 62
62 62
62 62
62 62
62 62
62 62
62 62
62 62
62 62
62 62
62 62
62 62
62 62
62 62
62 62
62 62
62 62
62 62
62 62
62 62
62 62
62 62
57 62
62 62
57 62
62 62
62 62
62 62
62 62
62 62
62 62
62 62
62 62
62 62
62 62
62 62
62 62
62 62
62 62
62 62
62 62
62 62
62 62
62 62
63 63
63 63
63 63
63 63
95 63
63 63
95 63
63 63
63 63
63 63
63 63
61 63
85 63
85 63
85 63
85 63
63 63
63 63
63 63
63 63
63 63
63 63
63 63
63 63
34 63
34 63
63 63
63 63
63 63
63 63
63 63
63 63
63 63
63 63
85 63
63 63
63 63
63 63
63 63
63 63
63 63
63 63
63 63
63 63
63 63
63 63
63 63
63 63
63 63
63 63
63 63
63 63
57 63
63 63
57 63
63 63
63 63
63 63
63 63
63 63
63 63
63 63
63 63
63 63
63 63
63 63
63 63
63 63
63 63
63 63
63 63
63 63
63 63
63 63
63 63
63 63
63 63
63 63
63 63
63 63
63 63
63 63
63 63
63 63
63 63
63 63
63 63
63 63
26 63
63 63
63 63
63 63
63 63
63 63
63 63
63 63
63 63
63 63
63 63
63 63
63 63
63 63
63 63
63 63
63 63
73 64
33 64
53 64
33 64
60 64
60 64
60 64
60 64
60 64
60 64
74 64
65 64
65 64
57 64
65 64
57 64
74 64
5 64
5 64
5 64
5 64
5 64
5 64
5 64
64 64
64 64
64 64
64 64
64 64
64 64
64 64
64 64
64 64
86 64
82 64
86 64
86 64
16 64
12 64
3 64
16 64
77 64
77 64
3 64
64 64
64 64
64 64
64 64
64 64
64 64
64 64
64 64
64 64
64 64
64 64
64 64
64 64
64 64
64 64
64 64
64 64
64 64
64 64
64 64
64 64
64 64
64 64
64 64
64 64
64 64
64 64
64 64
64 64
64 64
64 64
64 64
64 64
64 64
64 64
64 64
64 64
64 64
64 64
64 64
64 64
64 64
64 64
64 64
64 64
64 64
64 64
64 64
64 64
64 64
64 64
64 64
64 64
64 64
64 64
64 64
64 64
64 64
64 64
64 64
64 64
64 64
64 64
64 64
64 64
64 64
64 64
64 64
64 64
64 64
64 64
64 64
64 64
64 64
64 64
64 64
64 64
64 64
64 64
64 64
64 64
64 64
64 64
64 64
64 64
64 64
64 64
64 64
64 64
64 64
64 64
64 64
64 64
64 64
64 64
64 64
64 64
64 64
64 64
64 64
64 64
64 64
64 64
64 64
64 64
64 64
64 64
64 64
64 64
64 64
64 64
64 64
64 64
65 65
65 65
65 65
65 65
65 65
65 65
65 65
65 65
61 65
26 65
26 65
26 65
26 65
100 65
65 65
100 65
100 65
65 65
65 65
67 65
70 65
70 65
70 65
56 65
56 65
56 65
56 65
70 65
61 65
65 65
65 65
65 65
65 65
65 65
65 65
65 65
65 65
65 65
65 65
65 65
65 65
65 65
65 65
65 65
65 65
65 65
65 65
65 65
65 65
65 65
65 65
65 65
65 65
65 65
65 65
65 65
65 65
65 65
65 65
65 65
65 65
65 65
65 65
65 65
65 65
65 65
65 65
65 65
65 65
65 65
65 65
65 65
65 65
65 65
65 65
65 65
65 65
65 65
65 65
65 65
65 65
65 65
65 65
65 65
65 65
65 65
65 65
65 65
65 65
60 65
65 65
65 65
65 65
65 65
65 65
65 65
65 65
65 65
65 65
65 65
65 65
65 65
65 65
65 65
65 65
65 65
65 65
65 65
65 65
65 65
65 65
63 66
63 66
63 66
63 66
74 66
9 66
74 66
9 66
66 66
66 66
66 66
66 66
45 66
45 66
5 66
20 66
95 66
63 66
4 66
21 66
58 66
58 66
58 66
58 66
66 66
66 66
58 66
58 66
66 66
66 66
66 66
66 66
66 66
66 66
66 66
66 66
66 66
66 66
66 66
66 66
66 66
66 66
66 66
66 66
66 66
66 66
66 66
66 66
61 66
66 66
66 66
61 66
61 66
66 66
66 66
66 66
66 66
66 66
66 66
66 66
66 66
66 66
66 66
66 66
66 66
66 66
66 66
66 66
66 66
85 66
66 66
66 66
66 66
66 66
66 66
66 66
66 66
66 66
66 66
66 66
66 66
66 66
66 66
66 66
66 66
66 66
66 66
66 66
66 66
66 66
66 66
66 66
66 66
66 66
66 66
66 66
66 66
66 66
66 66
66 66
30 67
30 67
78 67
21 67
30 67
67 67
41 67
41 67
41 67
41 67
41 67
41 67
67 67
67 67
67 67
67 67
67 67
67 67
67 67
67 67
67 67
85 67
85 67
67 67
67 67
85 67
67 67
67 67
67 67
67 67
67 67
67 67
67 67
44 67
67 67
50 67
67 67
67 67
67 67
97 67
79 67
67 67
67 67
67 67
67 67
67 67
67 67
67 67
67 67
67 67
67 67
67 67
67 67
67 67
67 67
67 67
67 67
67 67
67 67
67 67
67 67
67 67
67 67
67 67
67 67
67 67
67 67
67 67
67 67
67 67
67 67
67 67
67 67
67 67
67 67
67 67
67 67
67 67
67 67
93 67
67 67
67 67
67 67
67 67
67 67
67 67
67 67
67 67
67 67
67 67
67 67
67 67
67 67
67 67
67 67
67 67
67 67
67 67
67 67
67 67
67 67
67 67
67 67
67 67
67 67
67 67
67 67
67 67
67 67
67 67
67 67
67 67
67 67
67 67
67 67
67 67
67 67
67 67
67 67
67 67
67 67
67 67
67 67
67 67
67 67
67 67
67 67
67 67
67 67
67 67
67 67
67 67
67 67
67 67
67 67
67 67
67 67
67 67
67 67
67 67
67 67
67 67
67 67
67 67
67 67
67 67
67 67
67 67
67 67
56 68
85 68
56 68
56 68
56 68
56 68
56 68
68 68
68 68
68 68
68 68
68 68
68 68
68 68
68 68
57 68
57 68
57 68
57 68
57 68
38 68
95 68
85 68
85 68
4 68
68 68
34 68
68 68
93 68
93 68
9 68
14 68
14 68
14 68
14 68
68 68
68 68
68 68
68 68
95 68
68 68
95 68
95 68
68 68
68 68
68 68
68 68
68 68
95 68
68 68
68 68
68 68
68 68
68 68
68 68
68 68
68 68
68 68
68 68
68 68
68 68
68 68
68 68
68 68
68 68
68 68
68 68
68 68
68 68
68 68
68 68
68 68
68 68
68 68
68 68
68 68
68 68
68 68
68 68
68 68
68 68
68 68
68 68
68 68
68 68
68 68
68 68
68 68
68 68
68 68
68 68
68 68
68 68
68 68
68 68
68 68
68 68
68 68
68 68
68 68
68 68
68 68
68 68
68 68
68 68
68 68
68 68
68 68
68 68
68 68
68 68
68 68
68 68
68 68
68 68
68 68
68 68
68 68
68 68
68 68
68 68
68 68
68 68
69 69
17 69
17 69
55 69
69 69
69 69
69 69
69 69
35 69
35 69
35 69
35 69
32 69
32 69
28 69
28 69
88 69
74 69
57 69
16 69
61 69
38 69
17 69
70 69
88 69
15 69
88 69
15 69
69 69
69 69
69 69
69 69
69 69
69 69
69 69
69 69
69 69
69 69
69 69
69 69
69 69
69 69
69 69
69 69
69 69
69 69
69 69
69 69
69 69
69 69
69 69
69 69
69 69
69 69
69 69
69 69
69 69
69 69
69 69
69 69
69 69
69 69
69 69
69 69
69 69
69 69
69 69
69 69
69 69
69 69
69 69
69 69
69 69
69 69
69 69
69 69
69 69
69 69
69 69
69 69
69 69
69 69
69 69
69 69
69 69
69 69
69 69
69 69
69 69
69 69
69 69
69 69
69 69
69 69
69 69
69 69
69 69
69 69
69 69
69 69
70 70
70 70
73 70
70 70
70 70
57 70
58 70
58 70
57 70
95 70
75 70
66 70
66 70
70 70
57 70
70 70
70 70
70 70
70 70
70 70
70 70
70 70
70 70
70 70
70 70
70 70
70 70
70 70
70 70
70 70
70 70
70 70
70 70
70 70
70 70
70 70
70 70
70 70
70 70
70 70
70 70
70 70
70 70
70 70
70 70
70 70
70 70
70 70
70 70
70 70
70 70
70 70
70 70
70 70
33 70
70 70
70 70
70 70
70 70
70 70
70 70
70 70
70 70
70 70
70 70
70 70
70 70
70 70
70 70
70 70
70 70
70 70
70 70
70 70
70 70
70 70
70 70
70 70
70 70
70 70
70 70
70 70
70 70
70 70
70 70
70 70
70 70
70 70
70 70
70 70
70 70
70 70
70 70
70 70
70 70
70 70
70 70
70 70
70 70
70 70
70 70
70 70
70 70
70 70
70 70
70 70
70 70
70 70
70 70
70 70
70 70
70 70
70 70
70 70
70 70
70 70
70 70
70 70
70 70
70 70
70 70
70 70
70 70
70 70
70 70
70 70
70 70
70 70
70 70
70 70
70 70
70 70
70 70
70 70
70 70
70 70
70 70
70 70
70 70
70 70
70 70
70 70
70 70
70 70
70 70
70 70
70 70
70 70
70 70
70 70
70 70
70 70
70 70
70 70
70 70
70 70
70 70
70 70
70 70
70 70
54 71
54 71
78 71
54 71
51 71
43 71
79 71
43 71
43 71
9 71
9 71
9 71
9 71
92 71
92 71
92 71
92 71
92 71
57 71
71 71
57 71
71 71
34 71
34 71
34 71
34 71
43 71
43 71
43 71
43 71
71 71
71 71
71 71
71 71
71 71
71 71
71 71
71 71
71 71
71 71
71 71
71 71
52 71
70 71
1 71
1 71
71 71
71 71
71 71
71 71
71 71
71 71
71 71
71 71
71 71
71 71
71 71
71 71
71 71
71 71
71 71
71 71
71 71
71 71
71 71
71 71
71 71
71 71
71 71
71 71
71 71
71 71
71 71
71 71
71 71
71 71
71 71
71 71
71 71
71 71
71 71
71 71
71 71
71 71
71 71
71 71
71 71
71 71
71 71
54 71
71 71
71 71
71 71
71 71
71 71
71 71
71 71
71 71
71 71
71 71
71 71
71 71
72 72
72 72
72 72
72 72
21 72
87 72
21 72
21 72
80 72
72 72
72 72
72 72
72 72
72 72
48 72
72 72
72 72
72 72
72 72
72 72
72 72
72 72
72 72
72 72
72 72
72 72
72 72
72 72
72 72
72 72
72 72
72 72
72 72
72 72
72 72
72 72
72 72
72 72
72 72
72 72
72 72
72 72
72 72
72 72
72 72
72 72
72 72
72 72
72 72
72 72
72 72
72 72
72 72
72 72
35 72
72 72
72 72
72 72
72 72
72 72
72 72
72 72
72 72
72 72
72 72
72 72
72 72
72 72
72 72
72 72
72 72
72 72
72 72
72 72
72 72
72 72
72 72
72 72
72 72
21 72
72 72
72 72
72 72
72 72
72 72
72 72
72 72
72 72
72 72
72 72
72 72
72 72
72 72
72 72
72 72
72 72
72 72
72 72
72 72
72 72
72 72
72 72
72 72
72 72
72 72
72 72
72 72
72 72
72 72
72 72
72 72
74 73
21 73
1 73
21 73
66 73
73 73
73 73
65 73
73 73
73 73
52 73
52 73
35 73
35 73
35 73
35 73
35 73
54 73
73 73
73 73
74 73
88 73
73 73
73 73
73 73
73 73
53 73
19 73
73 73
73 73
73 73
77 73
77 73
3 73
73 73
73 73
73 73
73 73
74 73
73 73
73 73
73 73
73 73
73 73
73 73
73 73
73 73
73 73
73 73
73 73
73 73
73 73
73 73
73 73
73 73
73 73
73 73
73 73
73 73
73 73
73 73
53 73
3 73
73 73
73 73
73 73
73 73
73 73
73 73
73 73
73 73
73 73
73 73
73 73
73 73
73 73
73 73
73 73
73 73
38 73
73 73
73 73
73 73
73 73
73 73
73 73
73 73
73 73
73 73
73 73
73 73
73 73
73 73
73 73
73 73
73 73
73 73
73 73
73 73
73 73
73 73
73 73
73 73
21 73
73 73
73 73
73 73
73 73
73 73
73 73
73 73
73 73
73 73
73 73
73 73
73 73
73 73
73 73
73 73
73 73
73 73
73 73
73 73
73 73
73 73
73 73
73 73
73 73
73 73
73 73
73 73
73 73
73 73
73 73
73 73
73 73
73 73
73 73
73 73
73 73
73 73
73 73
73 73
73 73
56 74
21 74
21 74
74 74
10 74
74 74
98 74
69 74
74 74
69 74
51 74
74 74
74 74
74 74
93 74
74 74
74 74
74 74
92 74
12 74
57 74
57 74
38 74
50 74
56 74
98 74
98 74
98 74
98 74
56 74
96 74
96 74
96 74
56 74
74 74
74 74
74 74
74 74
74 74
74 74
74 74
74 74
74 74
74 74
74 74
74 74
74 74
74 74
74 74
66 74
74 74
56 74
4 74
74 74
74 74
74 74
74 74
74 74
74 74
74 74
74 74
74 74
74 74
74 74
74 74
74 74
74 74
74 74
74 74
74 74
74 74
74 74
74 74
74 74
74 74
74 74
74 74
74 74
74 74
74 74
74 74
74 74
74 74
74 74
74 74
74 74
74 74
74 74
74 74
74 74
74 74
65 74
74 74
74 74
17 74
74 74
74 74
74 74
74 74
74 74
74 74
74 74
74 74
74 74
74 74
74 74
74 74
74 74
9 74
74 74
74 74
74 74
74 74
74 74
74 74
74 74
74 74
74 74
74 74
75 75
75 75
30 75
75 75
18 75
75 75
75 75
75 75
75 75
75 75
75 75
75 75
75 75
75 75
75 75
75 75
75 75
87 75
87 75
87 75
81 75
87 75
87 75
99 75
99 75
78 75
90 75
93 75
93 75
93 75
87 75
92 75
93 75
39 75
39 75
93 75
75 75
75 75
75 75
75 75
75 75
75 75
75 75
75 75
75 75
75 75
75 75
75 75
75 75
75 75
75 75
75 75
75 75
75 75
75 75
75 75
75 75
75 75
75 75
75 75
75 75
75 75
75 75
75 75
75 75
75 75
75 75
75 75
75 75
75 75
75 75
75 75
75 75
75 75
75 75
75 75
75 75
75 75
75 75
75 75
75 75
75 75
75 75
75 75
75 75
75 75
75 75
75 75
75 75
75 75
75 75
75 75
99 75
4 75
75 75
75 75
75 75
75 75
75 75
75 75
75 75
75 75
75 75
75 75
75 75
75 75
75 75
75 75
75 75
75 75
75 75
75 75
75 75
75 75
78 75
75 75
75 75
75 75
87 75
75 75
21 75
75 75
75 75
75 75
75 75
75 75
75 75
75 75
75 75
75 75
75 75
75 75
75 75
75 75
75 75
75 75
75 75
15 76
15 76
15 76
86 76
86 76
15 76
86 76
76 76
15 76
68 76
8 76
43 76
15 76
43 76
23 76
42 76
42 76
42 76
42 76
42 76
47 76
47 76
47 76
47 76
22 76
47 76
60 76
44 76
44 76
44 76
44 76
44 76
96 76
52 76
52 76
96 76
96 76
41 76
51 76
76 76
97 76
76 76
97 76
76 76
76 76
76 76
76 76
76 76
76 76
76 76
76 76
76 76
76 76
76 76
76 76
76 76
76 76
76 76
76 76
76 76
76 76
76 76
76 76
76 76
76 76
76 76
76 76
76 76
76 76
76 76
76 76
76 76
76 76
76 76
76 76
76 76
76 76
76 76
76 76
76 76
76 76
76 76
76 76
76 76
76 76
76 76
76 76
76 76
76 76
76 76
76 76
76 76
76 76
76 76
76 76
76 76
76 76
76 76
76 76
76 76
76 76
76 76
76 76
76 76
76 76
76 76
76 76
76 76
76 76
76 76
76 76
76 76
76 76
76 76
76 76
76 76
76 76
76 76
76 76
76 76
76 76
76 76
76 76
76 76
76 76
76 76
76 76
76 76
76 76
76 76
76 76
76 76
76 76
77 77
19 77
19 77
77 77
77 77
0 77
0 77
0 77
0 77
0 77
0 77
0 77
77 77
77 77
0 77
0 77
12 77
12 77
12 77
12 77
12 77
12 77
77 77
77 77
70 77
66 77
13 77
66 77
77 77
77 77
77 77
77 77
13 77
13 77
19 77
100 77
16 77
16 77
74 77
69 77
74 77
47 77
16 77
77 77
77 77
77 77
77 77
77 77
77 77
77 77
77 77
77 77
77 77
77 77
77 77
77 77
77 77
77 77
77 77
77 77
77 77
77 77
77 77
77 77
12 77
77 77
12 77
19 77
77 77
33 77
77 77
77 77
77 77
77 77
77 77
77 77
77 77
77 77
77 77
77 77
54 77
54 77
19 77
19 77
19 77
1 77
77 77
77 77
77 77
77 77
77 77
77 77
77 77
77 77
1 77
77 77
77 77
77 77
3 77
77 77
77 77
77 77
77 77
77 77
77 77
77 77
77 77
77 77
77 77
77 77
77 77
77 77
77 77
77 77
77 77
77 77
77 77
77 77
77 77
77 77
77 77
77 77
77 77
77 77
77 77
77 77
77 77
77 77
77 77
77 77
77 77
77 77
77 77
77 77
77 77
77 77
77 77
77 77
77 77
77 77
77 77
77 77
77 77
77 77
77 77
77 77
77 77
77 77
77 77
77 77
77 77
77 77
77 77
77 77
77 77
77 77
77 77
77 77
77 77
77 77
77 77
50 78
78 78
35 78
50 78
35 78
35 78
78 78
92 78
92 78
83 78
83 78
92 78
92 78
92 78
96 78
41 78
86 78
86 78
86 78
86 78
78 78
35 78
41 78
56 78
21 78
22 78
22 78
22 78
32 78
22 78
22 78
32 78
22 78
22 78
22 78
22 78
22 78
22 78
22 78
92 78
50 78
50 78
50 78
78 78
50 78
92 78
78 78
78 78
78 78
78 78
78 78
78 78
15 78
78 78
78 78
78 78
78 78
78 78
78 78
78 78
78 78
78 78
78 78
78 78
78 78
78 78
78 78
78 78
78 78
78 78
78 78
78 78
78 78
78 78
78 78
78 78
78 78
78 78
78 78
78 78
78 78
78 78
78 78
78 78
78 78
78 78
78 78
50 78
78 78
78 78
78 78
78 78
78 78
78 78
78 78
78 78
78 78
78 78
78 78
78 78
78 78
78 78
78 78
78 78
78 78
78 78
78 78
78 78
78 78
78 78
33 78
78 78
78 78
78 78
78 78
78 78
78 78
78 78
78 78
78 78
78 78
78 78
78 78
78 78
78 78
78 78
78 78
78 78
78 78
78 78
78 78
78 78
78 78
78 78
78 78
78 78
78 78
78 78
78 78
78 78
78 78
78 78
78 78
78 78
21 79
71 79
79 79
79 79
79 79
96 79
80 79
79 79
79 79
37 79
79 79
79 79
79 79
79 79
79 79
79 79
10 79
79 79
79 79
10 79
10 79
51 79
10 79
54 79
79 79
79 79
79 79
79 79
79 79
79 79
79 79
79 79
79 79
79 79
79 79
79 79
79 79
79 79
79 79
79 79
12 79
79 79
79 79
79 79
79 79
79 79
51 79
10 79
19 79
79 79
79 79
79 79
37 79
79 79
79 79
79 79
79 79
79 79
79 79
79 79
79 79
79 79
79 79
79 79
30 79
41 79
79 79
15 79
79 79
79 79
79 79
79 79
83 79
79 79
79 79
79 79
79 79
79 79
79 79
79 79
79 79
79 79
79 79
79 79
79 79
79 79
79 79
79 79
79 79
80 79
79 79
79 79
79 79
79 79
79 79
79 79
79 79
79 79
79 79
79 79
79 79
79 79
79 79
79 79
79 79
3 79
79 79
79 79
79 79
79 79
79 79
79 79
79 79
79 79
79 79
79 79
79 79
79 79
79 79
79 79
48 80
48 80
48 80
48 80
21 80
80 80
80 80
80 80
80 80
80 80
80 80
79 80
80 80
80 80
85 80
80 80
79 80
57 80
81 80
81 80
48 80
87 80
75 80
80 80
81 80
80 80
80 80
48 80
21 80
99 80
63 80
34 80
37 80
14 80
99 80
74 80
80 80
80 80
80 80
99 80
80 80
80 80
80 80
87 80
80 80
80 80
80 80
80 80
80 80
80 80
80 80
80 80
46 80
80 80
80 80
80 80
80 80
80 80
80 80
80 80
80 80
80 80
80 80
80 80
80 80
80 80
80 80
80 80
80 80
80 80
80 80
80 80
80 80
80 80
80 80
80 80
80 80
80 80
80 80
80 80
80 80
80 80
80 80
80 80
80 80
80 80
80 80
80 80
80 80
54 80
80 80
80 80
80 80
80 80
80 80
80 80
80 80
80 80
80 80
80 80
80 80
80 80
80 80
80 80
80 80
80 80
80 80
80 80
80 80
80 80
80 80
80 80
80 80
80 80
80 80
80 80
80 80
80 80
80 80
80 80
80 80
80 80
99 80
80 80
80 80
80 80
80 80
80 80
80 80
80 80
80 80
80 80
80 80
80 80
80 80
81 81
81 81
81 81
81 81
75 81
75 81
75 81
75 81
31 81
31 81
31 81
81 81
81 81
81 81
81 81
87 81
80 81
41 81
80 81
80 81
81 81
75 81
81 81
81 81
81 81
50 81
81 81
37 81
81 81
81 81
81 81
81 81
81 81
81 81
81 81
81 81
81 81
81 81
81 81
81 81
81 81
81 81
81 81
81 81
81 81
81 81
81 81
81 81
81 81
81 81
81 81
81 81
81 81
81 81
81 81
81 81
81 81
81 81
81 81
81 81
81 81
81 81
81 81
81 81
81 81
81 81
81 81
81 81
81 81
81 81
81 81
81 81
81 81
81 81
81 81
81 81
81 81
81 81
81 81
81 81
81 81
81 81
81 81
81 81
81 81
81 81
81 81
81 81
81 81
81 81
81 81
81 81
81 81
81 81
81 81
81 81
81 81
81 81
81 81
81 81
82 82
82 82
82 82
82 82
73 82
21 82
82 82
80 82
82 82
82 82
82 82
82 82
82 82
87 82
82 82
82 82
80 82
82 82
82 82
82 82
82 82
82 82
82 82
82 82
82 82
82 82
82 82
82 82
82 82
82 82
82 82
82 82
82 82
82 82
82 82
82 82
82 82
82 82
82 82
82 82
82 82
82 82
82 82
82 82
82 82
82 82
82 82
82 82
82 82
82 82
82 82
82 82
82 82
82 82
82 82
82 82
82 82
82 82
82 82
82 82
82 82
21 82
82 82
82 82
82 82
82 82
82 82
82 82
82 82
21 82
82 82
82 82
82 82
82 82
82 82
82 82
74 82
22 82
82 82
82 82
82 82
82 82
82 82
82 82
82 82
82 82
82 82
82 82
82 82
82 82
82 82
82 82
82 82
82 82
82 82
82 82
82 82
82 82
82 82
82 82
82 82
82 82
82 82
82 82
82 82
82 82
82 82
82 82
21 82
82 82
47 83
20 83
20 83
20 83
47 83
23 83
23 83
23 83
23 83
23 83
23 83
44 83
91 83
91 83
91 83
92 83
92 83
92 83
92 83
92 83
92 83
92 83
78 83
78 83
78 83
29 83
83 83
83 83
91 83
47 83
83 83
47 83
83 83
83 83
83 83
83 83
83 83
83 83
83 83
83 83
83 83
83 83
83 83
83 83
47 83
83 83
83 83
83 83
83 83
83 83
83 83
83 83
83 83
83 83
83 83
83 83
83 83
83 83
83 83
83 83
83 83
83 83
83 83
83 83
83 83
83 83
83 83
83 83
83 83
83 83
83 83
23 83
83 83
83 83
83 83
83 83
83 83
83 83
83 83
83 83
83 83
83 83
83 83
83 83
83 83
32 83
83 83
83 83
83 83
83 83
83 83
83 83
83 83
83 83
83 83
74 83
83 83
83 83
83 83
83 83
83 83
83 83
83 83
83 83
83 83
83 83
83 83
83 83
83 83
32 83
83 83
83 83
83 83
83 83
83 83
83 83
83 83
83 83
83 83
83 83
83 83
83 83
83 83
2 83
83 83
83 83
83 83
83 83
83 83
83 83
83 83
83 83
83 83
83 83
83 83
83 83
83 83
83 83
83 83
83 83
83 83
83 83
83 83
83 83
83 83
83 83
83 83
84 84
84 84
84 84
84 84
84 84
84 84
84 84
84 84
84 84
84 84
84 84
84 84
84 84
84 84
84 84
84 84
84 84
84 84
84 84
84 84
84 84
84 84
84 84
84 84
84 84
84 84
84 84
84 84
84 84
84 84
84 84
84 84
84 84
84 84
84 84
84 84
84 84
84 84
84 84
84 84
84 84
84 84
84 84
84 84
84 84
84 84
84 84
84 84
84 84
84 84
84 84
84 84
84 84
84 84
84 84
84 84
84 84
84 84
84 84
84 84
84 84
84 84
84 84
84 84
84 84
84 84
84 84
84 84
84 84
84 84
84 84
84 84
84 84
84 84
84 84
84 84
84 84
84 84
84 84
84 84
84 84
84 84
84 84
84 84
84 84
84 84
84 84
84 84
84 84
84 84
84 84
84 84
84 84
84 84
84 84
84 84
84 84
84 84
84 84
84 84
84 84
84 84
84 84
84 84
84 84
84 84
84 84
84 84
84 84
84 84
84 84
84 84
84 84
84 84
84 84
84 84
84 84
84 84
84 84
84 84
84 84
84 84
84 84
84 84
84 84
84 84
84 84
84 84
84 84
84 84
84 84
84 84
84 84
84 84
84 84
84 84
84 84
85 85
85 85
85 85
57 85
70 85
56 85
56 85
85 85
13 85
56 85
56 85
56 85
56 85
56 85
56 85
56 85
85 85
85 85
95 85
95 85
85 85
85 85
85 85
85 85
74 85
85 85
85 85
65 85
85 85
85 85
85 85
4 85
85 85
85 85
85 85
85 85
85 85
85 85
85 85
85 85
85 85
85 85
85 85
85 85
85 85
85 85
85 85
85 85
85 85
85 85
85 85
85 85
85 85
85 85
85 85
85 85
85 85
85 85
85 85
85 85
85 85
85 85
85 85
85 85
85 85
4 85
85 85
85 85
85 85
85 85
85 85
85 85
56 85
85 85
85 85
85 85
85 85
85 85
66 85
85 85
85 85
85 85
85 85
85 85
85 85
85 85
85 85
85 85
85 85
85 85
85 85
85 85
85 85
85 85
85 85
85 85
85 85
85 85
85 85
85 85
85 85
85 85
85 85
85 85
85 85
85 85
85 85
85 85
85 85
85 85
85 85
85 85
78 86
86 86
38 86
33 86
86 86
86 86
86 86
86 86
86 86
86 86
86 86
86 86
86 86
40 86
78 86
78 86
26 86
86 86
86 86
86 86
86 86
86 86
86 86
86 86
86 86
86 86
86 86
86 86
86 86
86 86
86 86
86 86
86 86
86 86
86 86
86 86
86 86
86 86
86 86
86 86
86 86
17 86
86 86
86 86
86 86
86 86
86 86
86 86
86 86
86 86
86 86
86 86
86 86
86 86
86 86
86 86
86 86
86 86
86 86
86 86
86 86
86 86
86 86
86 86
86 86
86 86
86 86
86 86
86 86
86 86
86 86
15 86
86 86
86 86
86 86
86 86
86 86
86 86
86 86
86 86
86 86
86 86
86 86
86 86
86 86
86 86
86 86
86 86
86 86
86 86
86 86
86 86
86 86
86 86
86 86
86 86
5 86
86 86
5 86
86 86
86 86
86 86
86 86
86 86
86 86
86 86
86 86
86 86
86 86
86 86
86 86
70 86
86 86
86 86
86 86
86 86
87 87
21 87
87 87
87 87
87 87
87 87
87 87
87 87
75 87
87 87
87 87
87 87
87 87
87 87
87 87
31 87
87 87
87 87
87 87
87 87
87 87
87 87
87 87
87 87
87 87
80 87
21 87
80 87
96 87
41 87
87 87
79 87
79 87
87 87
87 87
87 87
87 87
87 87
87 87
87 87
87 87
87 87
87 87
87 87
21 87
87 87
87 87
87 87
87 87
87 87
87 87
87 87
87 87
87 87
87 87
87 87
87 87
87 87
87 87
87 87
87 87
87 87
87 87
87 87
87 87
87 87
87 87
87 87
87 87
87 87
87 87
87 87
87 87
87 87
87 87
87 87
87 87
87 87
87 87
87 87
87 87
87 87
87 87
87 87
87 87
87 87
87 87
87 87
87 87
87 87
87 87
87 87
87 87
87 87
87 87
87 87
87 87
87 87
87 87
87 87
87 87
80 87
80 87
87 87
87 87
87 87
87 87
87 87
87 87
87 87
87 87
87 87
87 87
87 87
87 87
87 87
87 87
87 87
87 87
87 87
87 87
87 87
87 87
87 87
87 87
87 87
83 88
32 88
83 88
88 88
35 88
2 88
64 88
2 88
9 88
2 88
32 88
32 88
32 88
32 88
92 88
88 88
35 88
88 88
92 88
88 88
88 88
88 88
88 88
88 88
88 88
88 88
67 88
88 88
88 88
67 88
67 88
88 88
88 88
88 88
88 88
88 88
93 88
37 88
38 88
88 88
88 88
88 88
88 88
88 88
88 88
88 88
88 88
88 88
88 88
88 88
88 88
88 88
88 88
88 88
88 88
88 88
88 88
88 88
88 88
88 88
88 88
88 88
88 88
88 88
88 88
88 88
88 88
88 88
88 88
88 88
88 88
88 88
88 88
88 88
88 88
88 88
88 88
88 88
88 88
88 88
88 88
88 88
88 88
88 88
88 88
88 88
88 88
88 88
88 88
88 88
88 88
74 88
88 88
88 88
88 88
88 88
88 88
88 88
88 88
88 88
88 88
88 88
88 88
88 88
88 88
88 88
88 88
88 88
88 88
88 88
88 88
88 88
88 88
88 88
88 88
88 88
88 88
88 88
88 88
88 88
88 88
88 88
88 88
88 88
88 88
88 88
88 88
88 88
88 88
88 88
15 88
15 89
15 89
15 89
4 89
74 89
89 89
16 89
16 89
16 89
16 89
63 89
63 89
63 89
63 89
63 89
8 89
3 89
38 89
56 89
7 89
88 89
3 89
37 89
74 89
74 89
21 89
21 89
21 89
21 89
74 89
74 89
74 89
74 89
74 89
74 89
89 89
89 89
89 89
89 89
89 89
89 89
89 89
89 89
89 89
89 89
89 89
89 89
89 89
89 89
89 89
89 89
89 89
89 89
89 89
89 89
89 89
89 89
89 89
89 89
89 89
89 89
89 89
89 89
89 89
89 89
89 89
89 89
89 89
89 89
89 89
89 89
89 89
89 89
89 89
89 89
89 89
89 89
89 89
89 89
89 89
89 89
89 89
89 89
89 89
89 89
89 89
89 89
89 89
89 89
89 89
89 89
89 89
89 89
89 89
89 89
89 89
89 89
89 89
89 89
89 89
89 89
89 89
89 89
89 89
89 89
89 89
89 89
89 89
89 89
89 89
89 89
89 89
89 89
89 89
89 89
89 89
89 89
89 89
89 89
89 89
89 89
89 89
89 89
89 89
89 89
89 89
89 89
89 89
89 89
89 89
89 89
89 89
89 89
89 89
89 89
89 89
89 89
89 89
89 89
89 89
32 90
11 90
11 90
11 90
79 90
83 90
20 90
83 90
90 90
90 90
90 90
90 90
32 90
32 90
32 90
32 90
47 90
92 90
46 90
46 90
51 90
51 90
93 90
58 90
97 90
97 90
97 90
88 90
90 90
90 90
90 90
90 90
69 90
20 90
20 90
20 90
90 90
90 90
90 90
90 90
90 90
90 90
90 90
90 90
90 90
90 90
90 90
90 90
90 90
90 90
90 90
90 90
90 90
90 90
90 90
90 90
14 90
90 90
90 90
90 90
90 90
90 90
90 90
90 90
90 90
90 90
90 90
90 90
90 90
90 90
90 90
90 90
90 90
90 90
90 90
90 90
90 90
90 90
90 90
90 90
90 90
90 90
90 90
90 90
90 90
90 90
90 90
90 90
90 90
90 90
90 90
90 90
90 90
90 90
90 90
90 90
90 90
90 90
90 90
90 90
91 91
91 91
91 91
91 91
91 91
91 91
91 91
28 91
23 91
23 91
7 91
7 91
28 91
23 91
91 91
91 91
91 91
23 91
91 91
91 91
91 91
37 91
37 91
37 91
37 91
37 91
37 91
37 91
96 91
96 91
96 91
28 91
96 91
37 91
37 91
91 91
91 91
91 91
91 91
91 91
91 91
91 91
91 91
91 91
91 91
91 91
91 91
91 91
93 91
91 91
91 91
91 91
91 91
91 91
91 91
91 91
91 91
91 91
91 91
91 91
91 91
91 91
91 91
91 91
91 91
91 91
91 91
91 91
91 91
91 91
91 91
91 91
91 91
91 91
91 91
91 91
91 91
91 91
91 91
91 91
91 91
91 91
91 91
91 91
91 91
91 91
91 91
91 91
91 91
91 91
91 91
91 91
91 91
91 91
91 91
91 91
91 91
91 91
91 91
91 91
91 91
91 91
91 91
91 91
91 91
91 91
91 91
91 91
91 91
91 91
91 91
91 91
91 91
91 91
91 91
91 91
91 91
91 91
91 91
91 91
91 91
91 91
91 91
91 91
91 91
91 91
91 91
91 91
91 91
91 91
91 91
91 91
91 91
91 91
91 91
91 91
91 91
91 91
91 91
91 91
91 91
91 91
91 91
91 91
91 91
91 91
91 91
91 91
91 91
91 91
91 91
91 91
91 91
85 91
91 91
91 91
91 91
91 91
91 91
91 91
91 91
91 91
91 91
91 91
91 91
91 91
47 92
47 92
47 92
47 92
10 92
92 92
92 92
92 92
92 92
10 92
92 92
92 92
92 92
92 92
92 92
92 92
92 92
54 92
92 92
78 92
32 92
32 92
32 92
32 92
91 92
91 92
35 92
92 92
41 92
35 92
35 92
92 92
83 92
92 92
92 92
92 92
92 92
92 92
35 92
92 92
57 92
35 92
92 92
92 92
92 92
35 92
92 92
92 92
92 92
92 92
92 92
92 92
92 92
96 92
92 92
92 92
33 92
92 92
67 92
92 92
92 92
92 92
92 92
92 92
92 92
92 92
92 92
92 92
92 92
92 92
92 92
92 92
92 92
92 92
92 92
92 92
92 92
92 92
92 92
92 92
35 92
92 92
16 92
92 92
92 92
92 92
35 92
92 92
92 92
92 92
92 92
35 92
92 92
92 92
92 92
92 92
92 92
92 92
39 92
92 92
92 92
92 92
92 92
92 92
92 92
92 92
92 92
92 92
92 92
92 92
35 92
92 92
44 92
92 92
92 92
92 92
92 92
92 92
92 92
92 92
92 92
92 92
92 92
92 92
92 92
92 92
92 92
92 92
92 92
92 92
88 93
93 93
93 93
88 93
23 93
91 93
92 93
83 93
92 93
92 93
93 93
93 93
93 93
93 93
93 93
93 93
93 93
93 93
93 93
97 93
74 93
74 93
93 93
93 93
56 93
21 93
56 93
93 93
93 93
93 93
88 93
93 93
93 93
93 93
93 93
93 93
93 93
93 93
93 93
93 93
93 93
93 93
93 93
93 93
93 93
93 93
93 93
93 93
93 93
93 93
93 93
93 93
93 93
93 93
93 93
93 93
93 93
93 93
93 93
93 93
93 93
93 93
93 93
93 93
39 93
93 93
93 93
93 93
93 93
93 93
93 93
93 93
93 93
93 93
93 93
93 93
67 93
93 93
93 93
93 93
93 93
93 93
93 93
93 93
93 93
93 93
93 93
93 93
93 93
93 93
93 93
93 93
93 93
93 93
93 93
93 93
93 93
93 93
93 93
93 93
93 93
93 93
93 93
93 93
93 93
93 93
93 93
93 93
93 93
93 93
93 93
93 93
93 93
93 93
93 93
93 93
93 93
93 93
93 93
52 94
5 94
5 94
5 94
5 94
5 94
5 94
65 94
65 94
65 94
65 94
65 94
65 94
34 94
49 94
49 94
33 94
33 94
33 94
33 94
70 94
70 94
70 94
5 94
57 94
57 94
57 94
57 94
57 94
57 94
61 94
61 94
49 94
61 94
61 94
61 94
49 94
57 94
57 94
57 94
57 94
57 94
57 94
94 94
94 94
94 94
94 94
94 94
94 94
94 94
94 94
94 94
94 94
94 94
94 94
94 94
94 94
94 94
94 94
94 94
94 94
94 94
94 94
94 94
94 94
94 94
94 94
94 94
94 94
94 94
94 94
94 94
94 94
94 94
94 94
94 94
94 94
94 94
94 94
94 94
94 94
94 94
94 94
94 94
94 94
94 94
94 94
94 94
94 94
94 94
94 94
94 94
94 94
94 94
94 94
94 94
77 94
94 94
94 94
94 94
94 94
94 94
94 94
94 94
94 94
94 94
94 94
94 94
94 94
94 94
94 94
94 94
94 94
94 94
94 94
94 94
94 94
94 94
94 94
94 94
94 94
94 94
94 94
94 94
94 94
94 94
94 94
94 94
94 94
94 94
94 94
94 94
94 94
94 94
94 94
94 94
4 95
95 95
95 95
95 95
85 95
95 95
95 95
95 95
95 95
4 95
95 95
56 95
95 95
85 95
95 95
4 95
56 95
95 95
95 95
4 95
95 95
95 95
4 95
95 95
70 95
56 95
95 95
95 95
56 95
95 95
85 95
95 95
85 95
95 95
95 95
95 95
95 95
95 95
95 95
95 95
95 95
95 95
95 95
95 95
95 95
95 95
95 95
95 95
95 95
95 95
95 95
95 95
95 95
95 95
95 95
21 95
95 95
95 95
95 95
95 95
95 95
95 95
95 95
95 95
95 95
95 95
56 95
58 95
95 95
95 95
95 95
95 95
95 95
95 95
95 95
95 95
95 95
95 95
95 95
95 95
95 95
95 95
95 95
95 95
95 95
95 95
95 95
95 95
95 95
95 95
95 95
95 95
95 95
95 95
95 95
95 95
95 95
95 95
95 95
95 95
95 95
95 95
95 95
95 95
44 96
96 96
96 96
96 96
96 96
96 96
96 96
96 96
96 96
96 96
56 96
96 96
67 96
96 96
96 96
96 96
67 96
96 96
96 96
96 96
56 96
96 96
96 96
96 96
96 96
96 96
96 96
96 96
96 96
96 96
96 96
96 96
96 96
96 96
96 96
96 96
96 96
96 96
96 96
96 96
96 96
96 96
96 96
96 96
96 96
96 96
96 96
96 96
96 96
96 96
96 96
96 96
96 96
96 96
96 96
96 96
96 96
96 96
96 96
96 96
96 96
96 96
96 96
96 96
96 96
96 96
96 96
96 96
96 96
96 96
96 96
96 96
96 96
96 96
96 96
96 96
96 96
96 96
96 96
96 96
96 96
96 96
96 96
96 96
96 96
96 96
96 96
96 96
85 96
96 96
96 96
96 96
96 96
96 96
96 96
96 96
96 96
96 96
96 96
96 96
96 96
96 96
96 96
96 96
96 96
96 96
96 96
96 96
96 96
96 96
96 96
96 96
96 96
96 96
96 96
96 96
21 97
97 97
57 97
83 97
99 97
99 97
90 97
79 97
79 97
79 97
7 97
80 97
23 97
88 97
97 97
21 97
43 97
97 97
92 97
88 97
97 97
97 97
88 97
88 97
97 97
79 97
30 97
10 97
97 97
97 97
33 97
40 97
80 97
79 97
13 97
80 97
33 97
97 97
97 97
97 97
41 97
97 97
97 97
97 97
97 97
97 97
97 97
97 97
97 97
97 97
97 97
97 97
97 97
97 97
97 97
97 97
97 97
97 97
97 97
97 97
97 97
97 97
97 97
22 97
97 97
97 97
97 97
64 97
41 97
97 97
97 97
97 97
97 97
97 97
97 97
97 97
97 97
88 97
97 97
97 97
32 97
97 97
97 97
97 97
23 97
97 97
97 97
97 97
97 97
97 97
97 97
97 97
97 97
97 97
97 97
97 97
97 97
97 97
97 97
10 97
97 97
97 97
97 97
83 97
97 97
97 97
37 97
97 97
80 97
97 97
97 97
97 97
97 97
97 97
97 97
30 97
97 97
97 97
97 97
97 97
97 97
88 97
97 97
99 98
99 98
99 98
99 98
54 98
54 98
54 98
54 98
57 98
57 98
57 98
42 98
57 98
30 98
78 98
78 98
78 98
99 98
99 98
99 98
99 98
99 98
34 98
74 98
74 98
74 98
74 98
69 98
34 98
98 98
98 98
98 98
98 98
98 98
98 98
98 98
98 98
98 98
98 98
98 98
98 98
98 98
98 98
98 98
98 98
98 98
98 98
98 98
98 98
98 98
98 98
98 98
98 98
98 98
98 98
98 98
98 98
98 98
98 98
98 98
98 98
98 98
98 98
98 98
98 98
98 98
98 98
98 98
98 98
98 98
98 98
98 98
98 98
98 98
98 98
98 98
98 98
98 98
98 98
98 98
98 98
98 98
98 98
98 98
98 98
98 98
98 98
98 98
98 98
98 98
98 98
98 98
98 98
98 98
98 98
98 98
98 98
98 98
98 98
98 98
98 98
98 98
98 98
98 98
98 98
98 98
98 98
98 98
98 98
98 98
98 98
98 98
98 98
98 98
98 98
98 98
98 98
98 98
98 98
98 98
98 98
3 98
98 98
98 98
98 98
98 98
98 98
98 98
98 98
98 98
89 99
16 99
16 99
89 99
16 99
16 99
89 99
96 99
99 99
99 99
99 99
96 99
99 99
96 99
99 99
99 99
17 99
99 99
100 99
99 99
17 99
99 99
99 99
99 99
99 99
74 99
74 99
60 99
58 99
54 99
74 99
74 99
16 99
42 99
36 99
36 99
36 99
16 99
99 99
99 99
99 99
99 99
99 99
99 99
99 99
99 99
99 99
99 99
99 99
99 99
99 99
99 99
99 99
99 99
99 99
99 99
99 99
99 99
99 99
99 99
99 99
99 99
99 99
99 99
99 99
99 99
99 99
99 99
99 99
99 99
99 99
99 99
99 99
99 99
99 99
99 99
99 99
99 99
99 99
99 99
99 99
99 99
99 99
99 99
99 99
99 99
99 99
56 99
99 99
99 99
99 99
99 99
99 99
99 99
99 99
99 99
99 99
99 99
99 99
99 99
99 99
99 99
99 99
99 99
99 99
99 99
99 99
99 99
99 99
99 99
99 99
99 99
99 99
99 99
99 99
99 99
99 99
99 99
99 99
99 99
99 99
99 99
99 99
99 99
99 99
99 99
99 99
99 99
99 99
99 99
99 99
99 99
99 99
99 99
99 99
99 99
99 99
99 99
99 99
99 99
99 99
99 99
99 99
99 99
99 99
99 99
99 99
99 99
99 99
99 99
99 99
99 99
4 100
85 100
14 100
14 100
14 100
14 100
14 100
56 100
100 100
16 100
45 100
0 100
45 100
45 100
0 100
57 100
15 100
55 100
12 100
21 100
98 100
21 100
16 100
14 100
90 100
14 100
35 100
35 100
38 100
38 100
38 100
45 100
82 100
82 100
82 100
82 100
100 100
100 100
100 100
100 100
100 100
100 100
100 100
100 100
100 100
100 100
100 100
100 100
100 100
100 100
100 100
100 100
100 100
100 100
100 100
100 100
100 100
100 100
100 100
100 100
100 100
100 100
100 100
100 100
100 100
100 100
100 100
100 100
100 100
100 100
100 100
100 100
100 100
100 100
100 100
100 100
100 100
100 100
100 100
100 100
100 100
100 100
100 100
100 100
100 100
100 100
100 100
100 100
100 100
45 100
100 100
100 100
100 100
100 100
100 100
100 100
100 100
42 100
100 100
100 100
100 100
100 100
100 100
100 100
100 100
100 100
100 100
100 100
100 100
100 100
100 100
100 100
100 100
100 100
100 100
100 100
100 100
100 100
100 100
100 100
100 100
100 100
100 100
100 100
100 100
100 100
100 100
65 100
