[[[[  2.26579499e+00   7.88300467e+00   6.75721407e-01  -1.37155342e+00
     -4.87704802e+00   4.94686651e+00  -4.61117792e+00  -7.63193751e-03
     -4.62042570e+00  -8.78782570e-01   9.83527482e-01  -4.93792868e+00
      8.55543232e+00   5.91962242e+00   7.01588809e-01   2.82266641e+00
      6.27501869e+00   4.78949785e+00  -5.37082434e+00   1.59572494e+00
      3.74778080e+00  -3.07904363e+00  -7.36323881e+00  -4.49733257e+00
      6.37298584e-01  -3.91690469e+00   4.01886988e+00  -5.77281189e+00
     -4.31421137e+00  -5.19688225e+00  -6.47379303e+00  -7.77727461e+00
      1.02483593e-01   6.10009718e+00   1.09920728e+00  -1.62030470e+00
     -4.21497297e+00   1.01347649e+00   3.14292526e+00  -7.68892288e-01
     -7.71567917e+00   1.10741518e-01   6.56412268e+00   1.09957981e+00
     -3.40920478e-01   2.83053780e+00   5.52292013e+00  -2.70867896e+00
     -6.60012579e+00   2.14382482e+00  -5.02688074e+00   2.90171337e+00
      4.91927195e+00   3.88754463e+00   8.34796619e+00   5.10134983e+00
     -2.77464604e+00   8.75728989e+00   1.09086275e+00  -9.19191837e-01
      5.98822355e-01   4.82252598e+00   3.34049106e+00   4.54707950e-01
     -1.15283048e+00   1.66805065e+00   6.06051493e+00  -2.75708705e-01
     -1.36066914e+00  -2.16312245e-01   9.22416973e+00  -2.23955717e-02
     -5.97505379e+00   2.40384650e+00   3.39508891e+00  -6.47373247e+00
      9.34752655e+00   2.89753079e+00   1.30908564e-01   1.63371789e+00
     -2.65583485e-01  -1.11160078e+01  -7.84446716e-01   5.78041255e-01
     -1.06842766e+01   1.14073791e-01   4.31994104e+00  -1.01298208e+01
     -4.77587223e-01  -4.40557051e+00  -5.80064833e-01  -1.01574640e+01
      2.99233174e+00  -1.27541840e+00  -1.91864812e+00  -3.21392131e+00
     -2.85922647e+00   2.75070834e+00   4.61282873e+00  -2.15508437e+00
      1.34136379e+00]]]]
[[[[  5.46745825  10.06362724   3.07899284  -1.25432754  -6.08986044
      4.4986639   -4.52420378  -1.52401483  -4.52144194  -1.05144989
      1.45654595  -4.81132936  11.19098377   6.60227442  -1.76458788
      3.61976647   3.93586659   5.8248558   -5.16668892   3.07693672
      2.34897804  -2.12891293  -7.30330801  -4.9525876    3.72207189
     -2.7882061    4.28748751  -7.0279541   -4.52218103  -5.63469124
     -6.10014296  -4.34726667  -1.93106329   7.53418493   2.27009702
     -4.23011827  -4.84327936   0.81323296   3.61394787  -1.24112236
     -6.84507704   0.91120386   4.07533598   0.51276731  -0.75262308
      1.48538971   3.50244331  -4.69340849  -5.33603668   4.69698143
     -4.23511076   2.24362564   4.23195505   6.22690201   9.45313358
      2.97562623  -3.78908253   8.72239208   2.06300545  -1.02987254
      1.48701      4.38314819   5.6957612    0.17879157   1.70416868
      1.45261323   6.96714211   0.45594606  -1.58824599  -3.22865009
      8.71061039   0.30392545  -4.85196829   2.57297111   3.24257874
     -6.25301218   8.3289957    4.42811155  -1.34241438   0.39376268
     -0.37319458 -10.86800003   1.39459479  -1.63211262  -9.90775204
     -0.50305367   5.13444138  -9.41114998  -0.48186946  -4.03804541
     -2.47500587 -11.30626678   0.34101114  -3.03089142  -0.14098264
     -3.8807466   -2.70254803   1.54739666   1.96137571  -3.30200267
      0.52665907]]]]
[[[[  5.18874598  11.46558285   0.16010396   2.33245683  -3.62597966
      1.05488861  -5.45847321  -3.83137512  -3.9031086   -1.29819524
      1.41988373  -4.17539787  11.60547352   8.78627777  -1.71712244
      4.74593592   2.63210773   5.3386178   -4.19061613   3.16759276
      0.07312543  -0.38672003  -8.62439442  -3.60347056   7.36792564
      1.53853834   6.02517843  -8.89758205  -3.58662438  -4.8721652
     -5.94136953  -4.00655222  -1.16782677  11.06826496  -0.14513087
     -3.76494217  -3.69856954   3.08962798   6.34103394  -1.93385589
     -7.84103823  -1.46196544   1.77740157  -2.36996102   0.34398404
      2.64876294  -0.03032859  -4.98082685  -1.31661224   2.20357037
     -5.18813801  -2.60337186  -0.93376398   2.5554955    6.85862732
     -2.08786106  -2.069484     9.6680336    1.63077927  -0.15148138
      5.91918421   3.00357556   5.20133066   5.82072496   0.70162028
      5.68845034   5.41715813   0.8704837    1.02537167  -3.48732567
      7.4961257   -0.05519154  -1.79289734   2.23049903   1.76751757
     -3.22601104   4.31044149   7.82819796   0.44632816   1.66240537
     -2.27752137 -10.57182026   0.91319227  -1.21868289 -10.72772312
      1.91630971   1.3044163   -9.16835499  -1.50411284  -3.40691113
     -5.35329819 -12.37308979  -0.93468684  -1.32426596   5.89698935
     -2.51761866  -6.65002966   1.26307523   1.56728745  -4.28194094
     -2.65652966]]]]
[[[[  6.42352104  11.62746525   2.3595407    2.24041057  -5.78985262
      1.78210604  -6.27870989  -3.63086438  -5.07993078  -0.02615907
      1.76893675  -4.72896051  13.95606709   8.88807964  -1.65526044
      4.08389473   1.68236125   6.9895649   -5.19721651   4.40929747
      0.39722762  -2.1324656  -10.42771053  -5.96280909   9.29463959
      0.67409676   6.76408911  -9.64228725  -4.87773657  -4.99375677
     -7.06525469  -3.24032855  -1.96820056  11.05143356   1.2008723
     -5.14561272  -3.40438366   3.02180505   7.80544424  -1.68730724
     -8.32841587  -0.51011968   1.87433004  -2.35176015  -0.68966669
      2.60243416  -0.26740661  -6.41869879  -1.88668156   4.0210228
     -5.00262594  -1.19219708   0.95574361   4.58556128   8.42386913
     -2.19732404  -4.23769712  10.43013096   3.51072431  -0.47590113
      4.46429443   2.56768918   8.41589355   5.5189414    2.51467443
      4.6820035    6.24705124   1.47604978   1.12179267  -5.3500247
      8.26251888   1.47963369  -3.00833035   2.48833823   2.33205867
     -3.55080867   5.97667122   7.86819077   0.39746773   2.06471896
     -3.11954379 -10.79718304   1.87528741  -2.29113817 -10.96454906
     -0.60558194   3.07958889 -10.33034134  -1.71530473  -4.3102932
     -5.99933624 -12.96990967  -1.10850573  -2.66287065   5.07246828
     -4.74817991  -5.86602163   0.49321112   1.14347351  -4.25059795
     -2.26066136]]]]
[[[[  6.0085659   11.23043823   0.31908002   2.80957389  -6.3350563
      2.36804748  -6.86603737  -0.64000577  -5.46770859  -1.85028374
     -0.14717393  -6.35662127  11.03373241   8.28006744   2.12518311
      4.57558489   8.4060154    5.61666346  -5.76046991   3.12756085
      2.17796373  -3.34431481  -7.92156649  -5.80461884   4.73651218
     -5.81426096   2.32381368  -5.4968915   -5.15261841  -5.37100267
     -7.88669825  -7.25909281  -1.14620459   6.75283432   2.20823026
     -4.10453558  -1.86401427   4.86335611   5.64018059  -1.63941324
     -9.70532227  -0.86960608   8.43758869   1.30708516   0.03547535
      2.15959716   3.36921144  -3.12736011  -4.29782057   2.52153325
     -4.6370573    1.86079025   1.7564472    4.86991119  10.49043655
      5.04042006  -5.2896328   11.65828705   0.61308837  -0.70396549
      1.39598596   3.6420157    3.13309765  -1.81034434  -1.99494088
      3.43448377   4.37055349  -1.0234772    0.69307786  -3.3678124
      8.11230469   2.06563258  -4.1724906    1.95191681   2.66691136
     -7.55792761  10.75408077   6.85554314   0.38664928   5.42370796
      1.06211364 -12.87864685   2.72506022   1.82010412 -11.78217316
     -1.53563821   8.22300243 -11.42714214  -1.94054091  -3.18406677
     -0.22314094 -12.30044842  -0.45556828  -1.90346336   0.12044235
     -5.82451582  -4.29935026   0.11295227   3.16570187  -6.51351595
     -1.79861021]]]]
